podatki <-
structure(list(y = c(0, 1, 1, 0, 1, 1, 0, 0, 1, 0, 1, 1, 0, 0, 
1, 0, 0, 0, 0, 1, 0, 0, 1, 0, 0, 0, 1, 0, 1, 0, 1, 1, 0, 1, 0, 
0, 1, 0, 0, 1, 0, 1, 1, 0, 0, 1, 0, 1, 0, 0, 1, 1, 0, 0, 0, 0, 
1, 0, 1, 0, 1, 0, 1, 1, 0, 0, 1, 0, 1, 0, 0, 1, 0, 1, 0, 0, 0, 
1, 1, 0, 0, 1, 0, 1, 0, 1, 1, 1, 0, 0, 1, 0, 1, 0, 1, 0, 0, 0, 
0, 1), X1 = c(-0.778796415379861, 0.118261290771265, 1.03357671121902, 
-0.754223338537194, 0.357329877651806, 0.38334244445571, -0.454114354586618, 
-1.57234398929855, 0.53106270842608, -0.760699961541951, 0.393550508929844, 
0.631125971658021, 0.0233484607633354, -0.43825851140921, 0.201668617957769, 
-0.0373335841094129, -1.21625872657965, -0.355387885432261, 0.0415032317698241, 
0.257855602301608, -1.09719798835166, -0.463370105290018, 0.828280627660502, 
-1.62718451746126, 0.391862323188933, -1.75846994364479, -0.00724409367149878, 
0.168147272878432, 0.411610433251344, -0.250982990208188, -0.0204550285832633, 
1.54902118464305, -1.26510215580192, 0.199771679503616, -0.774315789981263, 
-0.910881036565418, 1.75597137108216, 0.0137206629992448, -0.871477367346977, 
0.57572298707118, -0.633521325934879, 0.414261186825147, -0.027329044504176, 
-1.68007587075327, -0.937838227319088, 0.0942101300064739, -0.19731953342335, 
1.24538364321079, -0.271073626119817, -1.75020917474756, 0.379393359542623, 
-0.25337543065073, -0.404065940825983, -0.770687261329888, -0.87077997688103, 
-0.119474239067515, 1.1415879264847, 0.0234330280642435, -0.177592299498315, 
-0.182756248206586, 0.501374868902617, -1.50030240241717, 0.478608832375193, 
0.529353851357028, -1.10103683427834, -0.85532756618064, 1.68692386925218, 
-1.87672803414717, -0.0743137321434462, -0.0732306167802837, 
-1.5272908475658, 0.750866646068719, 0.0412156378956519, 0.245715946495872, 
0.212049557486353, -1.1901129118225, -0.778393847708554, 1.14791555992652, 
-0.538268088504316, -0.664914762346183, -0.658199065271542, 0.746615989501682, 
-0.0877409434895651, 0.761470335533317, -2.37423594642311, 0.193097694904487, 
-0.332463816123917, 0.0778178079075503, -1.73031916215506, 0.10462594879261, 
0.21390868912264, -0.281331830493646, -0.148786921747494, -2.26980997347667, 
1.1371787976821, -1.97008730329283, -0.66806774361666, -0.115266437035757, 
-0.987151967331034, 2.8564560514887), X2 = c(2.23278354411529, 
1.75630706281688, 2.18120117399941, 1.15829879087001, 2.72664191541198, 
3.59034513314931, 1.83294824717684, 2.5856320216857, 2.39044622255253, 
1.67309173064703, 2.52617111132936, 1.63240527148666, 2.04838308769969, 
1.82749427234017, 2.99583233778721, 1.16046414531779, 0.805868891856531, 
1.55543228876231, 0.119439723890498, 1.96876190728907, -0.431489348297236, 
1.98971938673642, 2.44530248135695, 2.52047499649095, 0.00343868332727881, 
0.0672515044227455, 2.79425936740428, 1.10599462770531, 1.46576801251485, 
1.51735064905297, 1.72921822495047, 2.62941027615775, 0.781524998713711, 
2.52474382624848, 1.43689324606171, 2.24401511400628, 2.50731900595467, 
2.70289291501031, 2.12333976714833, 2.01884585404642, 1.36824168022804, 
4.11966313347135, 2.29558141916828, 2.20011509432871, 0.422213775201729, 
2.44436921051293, 1.89553058851974, 2.53840324510905, 2.47720434259612, 
1.28875257760935, 1.92321575993098, 3.3818577613241, 2.65680659873349, 
0.358373144312206, 1.51836266978347, 0.102483743421803, 2.21656951380426, 
-0.327700322615808, 3.25890290234837, 2.01937567950566, 2.46904485589887, 
2.06891600581435, 3.32659704381151, 3.17572948458495, 1.80223657578595, 
1.37098825717225, 1.7010846691187, 1.20665398700672, 1.87336795066727, 
0.992729323923236, 2.81380820536341, 3.17421314766812, 1.61817549860342, 
2.06356548726244, 0.550519993931661, 0.905674393594407, 0.467237637978646, 
1.13774416941304, 5.15117956046576, -0.270982544728067, 2.17830779611438, 
2.59103085167224, 2.15143232718112, 1.98926377868573, 0.0604518027532568, 
1.98972912645605, 3.90722017218445, 2.48556423924785, 2.15900416351832, 
1.60786109293089, 1.98579654425871, 1.88920192551275, 3.53315064702615, 
0.270989209414401, 1.55587501569603, 2.78501760477734, 3.02643028888712, 
2.28208156669197, 1.29006066725753, 2.66823575699106)), class = "data.frame", row.names = c(NA, 
-100L))
podatki2 <-
structure(list(y = c(0, 0, 0, 0, 1, 1, 0, 1, 1, 1, 0, 1, 0, 1, 
0, 0, 1, 1, 1, 1, 1, 1, 1, 1, 0, 1, 0, 0, 1, 1, 0, 0, 1, 0, 0, 
1, 1, 1, 0, 0, 1, 1, 0, 0, 1, 0, 1, 1, 0, 0, 0, 0, 0, 1, 0, 0, 
0, 0, 1, 1, 0, 1, 1, 1, 0, 1, 0, 0, 1, 0, 0, 0, 0, 1, 0, 0, 1, 
1, 1, 0, 0, 1, 1, 0, 1, 0, 1, 0, 1, 1, 0, 0, 0, 1, 1, 1, 0, 1, 
0, 0), X1 = c(-0.7632651781776, -0.283765429898129, -1.28611651029682, 
-0.782222568016429, 2.34314341149903, 0.615182940907223, -1.74277966566612, 
1.17144988296836, -0.135379487697476, 0.275081566074104, -0.327241525995211, 
0.572524664985209, -0.71464091345715, 0.162053863607744, -1.59592507417469, 
-0.269107574416292, 0.909017047492112, 1.11156964086865, 0.178738462768303, 
0.678179202498542, 0.0531863216093964, 1.11988595430769, 0.262467936536426, 
-0.160748676312528, -1.01947578547085, 0.0144504793781349, -1.1640245266451, 
0.0894292560986799, 0.630018531091468, 1.46934702080988, -0.38557474107532, 
-1.74501881775388, 0.841885681834873, -1.44422269668136, -1.81136658413395, 
0.363483500866998, 0.442833326572181, -0.0740921908121305, 0.0628749416156825, 
-1.83166234593839, 1.00769222227552, 0.138647351279214, -1.39029492433913, 
-1.4009243694342, 2.51556881049046, -0.826700664030654, -0.180813969937311, 
1.71342447683142, -1.14776639852542, 0.295990009859904, -1.32738544004858, 
-0.232191306270123, -0.348331506471756, 0.617550038254544, 0.0106165819624686, 
-1.68809187757956, -0.878413335913329, -0.600875667094955, 0.840608315053072, 
1.15720076730657, -2.9215103715045, 0.09265153375156, -0.652449331817459, 
-0.115716044995049, -0.518597793043105, 1.11288075855167, -0.962942749716749, 
-0.667173151739204, 0.67670507296435, 0.0453368601128827, -0.599172239684752, 
-0.44201553834917, 0.458949948738699, 0.129536235362054, -1.09432116451986, 
0.047539878584182, 0.266441567835974, 1.45263944097704, 0.43903224541565, 
-0.420698688689502, -0.903592740125757, 0.453164490090654, 0.767724222661504, 
-1.71790291615178, -0.35414683983875, 0.641037622733816, 0.980222757928537, 
-1.12932107430894, 1.67193101384845, 0.794565267665898, 0.724516699492808, 
-3.51415033661871, -0.740191204392892, 1.55814319228224, 1.44945002869577, 
-0.368222360763146, -0.61632914137362, 0.534899491185216, -1.25235032265634, 
-0.355598732206745),