podatki <-
structure(list(y = c(1, 0, 0, 1, 0, 1, 0, 0, 1, 1, 1, 1, 1, 0, 
0, 0, 0, 1, 1, 1, 1, 0, 1, 1, 1, 0, 0, 0, 1, 1, 0, 0, 1, 0, 0, 
1, 0, 0, 1, 0, 0, 0, 1, 0, 1, 1, 0, 1, 1, 0, 0, 1, 1, 0, 0, 0, 
1, 0, 1, 1, 0, 0, 0, 1, 0, 0, 0, 0, 1, 1, 0, 1, 1, 1, 1, 0, 0, 
0, 0, 1, 0, 1, 1, 1, 1, 0, 1, 0, 0, 0, 0, 1, 0, 1, 1, 1, 1, 1, 
0, 1), X1 = c(0.806957746996876, -1.98399335317765, -0.0192343692105512, 
0.0864091744218274, -0.268386065066052, 0.964049683012657, -0.481479033210463, 
-0.405527939912426, 0.609317420870599, 2.79420506170534, 0.417685579876268, 
1.24443403854256, 0.772134662194575, -0.0258821183033515, -0.064128756382533, 
0.0623654194053514, -0.604533868478212, 1.59968207622732, 0.53472974063452, 
0.131775851775505, 1.25470361494537, -0.358642995111902, 0.682442272924139, 
0.460211599403984, 1.88652241426713, -0.271154433116083, -2.27517970405625, 
-0.258357299294539, 0.154586677397156, 0.971360100384622, -1.57482724168064, 
-0.986026437081085, -0.0252177707372499, -0.891422694624362, 
-0.325550642323216, 0.416739393890208, -0.770459541565871, -1.140459364325, 
0.921044478680743, -0.764546156295683, -0.0563779439236112, -0.76558009075586, 
1.69136737262172, -0.0484005362660355, -0.331299479663564, 1.12303669936372, 
-0.355377278913792, 1.57041232583735, 0.439008933565694, -1.06498445027034, 
-1.63583789076236, 1.18629554236603, -0.0934292264845972, 0.220077573238057, 
-0.0513300093379249, -1.22575850375498, 0.379446558338964, 0.0176310071799234, 
0.123300813951499, 0.21405070931061, -0.864305928073255, -0.0211458482599921, 
-0.471390220499409, 0.808022655008193, -0.180092113285042, -0.771790606443934, 
-0.787478142620605, -1.14596346605566, 0.521496236081183, 0.559418312054823, 
-1.25864430391029, 2.2092628447121, 1.11558812378574, -0.0614640433879641, 
0.929560184542281, -0.989405033854438, -0.503049248517249, -1.06161187312548, 
-0.887898864810119, 1.41867657182512, -0.342147399760035, 0.785110663060859, 
0.162195030803671, 0.369932696819754, 0.265924392596741, 0.0996715983598586, 
0.549434617408086, -1.210683827346, -0.980363550504055, -0.292357120324931, 
-0.525069125645571, 0.292018243542752, -0.433487930856374, 0.430747745395876, 
1.07062199818249, 0.636330984573982, 1.79955760266914, 0.250594315043864, 
-0.764737519242265, 0.48599508876705), X2 = c(1.80587765225974, 
0.862592389099821, 0.946262761164568, 2.6283815310262, 2.27389370685344, 
1.62566412390855, 0.821458579760819, 0.864926849919639, 3.13797201856219, 
2.52270485797619, 2.02887988088466, 2.92667521594426, 3.93436687575736, 
1.15321035565007, 1.02814861257318, 0.613085357246379, 1.69468423469304, 
4.00013669948183, 2.19399194957266, 2.49080215947033, 2.65657125140122, 
2.07892536099652, 2.76976858160487, 1.59715677839775, 4.27121353462427, 
0.319281616219636, 0.46493831530653, 1.61621514231569, 3.22195715609968, 
1.75741305904091, 1.49410902616319, 1.39292503216432, 1.59448718291336, 
0.73908020816564, 1.43714918159745, 2.30525533831525, 1.86935236101804, 
1.39259432525834, 1.20441399905711, 3.39797720393183, 0.982596559640901, 
2.28477539020223, 2.4268572272279, 0.726371405191708, 3.7339550764591, 
1.91398212946381, 1.60659852049461, 4.29490325977743, 1.79801677207594, 
1.51334636903488, 1.82262025372005, 1.98876788388369, 4.27523460142205, 
2.0564647969122, 2.22437589039608, 0.638892489760251, 2.10481050499036, 
0.54691420038445, 1.57840685945255, 3.54880506067839, 1.67288271055535, 
0.736904685685797, 2.73500546354972, 0.599304604677192, 1.33650583580063, 
0.756700783915287, 0.423753430820791, 1.2938152504948, 1.47106558481308, 
3.74798477528976, 1.26196042276204, 3.32486193197212, 3.78070184089218, 
2.50696312069597, 0.855869533651552, 1.99566421608962, 2.1144135251811, 
3.21031838483272, 2.20164621088132, -0.130115388725821, 2.33319173125127, 
4.57415708204249, 3.60106944249882, 3.06767303367476, 2.25310857752148, 
-0.00673146471440855, 2.17544645983202, 2.06100469189166, -0.477271322647808, 
1.73615068087801, 1.90711200833212, 2.19155776680667, 1.33436836223272, 
2.76994151743018, 2.6165509239295, 0.306887374226567, 2.82734262076077, 
1.61135638385998, 2.8131070630078, 2.20049792979729)), class = "data.frame", row.names = c(NA, 
-100L))
