podatki <-
structure(list(y = c(1, 0, 0, 1, 1, 0, 0, 0, 1, 1, 0, 0, 1, 1, 
0, 1, 1, 0, 0, 1, 1, 1, 0, 0, 0, 0, 0, 1, 0, 1, 0, 1, 0, 1, 0, 
1, 1, 1, 1, 0, 0, 0, 1, 0, 1, 1, 1, 1, 1, 1, 1, 0, 0, 0, 1, 0, 
1, 0, 0, 1, 1, 1, 1, 0, 0, 1, 0, 1, 0, 0, 0, 0, 0, 1, 0, 1, 1, 
1, 0, 1, 1, 1, 0, 1, 1, 1, 1, 0, 1, 1, 0, 1, 1, 1, 1, 0, 1, 0, 
0, 0), X1 = c(0.901932928935967, -0.679436662091758, -1.18364079888495, 
0.459673151900212, 1.22393217242062, -0.0726152541409773, -0.358026664946376, 
-0.555185084514271, -0.475352162128782, 0.185975774366075, -0.534138748435297, 
-2.33807390401443, 0.724275949791665, 1.41733287288545, -1.26091139360146, 
0.711601618379749, 0.917057762563353, 0.23325532697712, -0.803400992253638, 
-0.0437074041147076, 0.262722464154375, 0.987859941740311, -1.07593578160086, 
-0.994153848865481, -1.87789096621929, -1.52936412379485, -1.09491820538686, 
0.442161479943977, -1.49718555950079, 2.23355268643299, -1.37172186045819, 
0.244199106093845, 0.289395710549397, 0.477789302056829, -0.0439528595669725, 
1.27420243872134, 0.281333115629988, 0.683820834365279, -0.325885022254531, 
-0.531842133555122, -0.271195219879979, -0.258559202682541, 1.15508436181971, 
-0.186839642120557, 0.572688838189936, 1.15188793290005, 0.432271503679498, 
1.12919842898402, 1.58884227480213, 1.31529256279308, 0.156715533483828, 
-0.451974776852643, -0.247903822618187, -0.110071537848837, 1.37954035035152, 
-0.132032913399518, -0.350482775232245, 0.212158972952304, -1.2620630887675, 
0.126749430709826, 0.262263905921836, 0.9547286320089, 0.238222305094852, 
0.137469731214502, -1.36150750949773, 1.21884821744144, -1.32688700921863, 
0.614924585154491, -0.333825283136267, -1.09571317601403, -0.360381837720168, 
-0.28053388189622, -0.0316603200680896, 1.96946181626551, -1.63461310772755, 
-0.493229122769385, 0.217497408046109, 0.880780228036133, -0.171201252431019, 
1.33984224300615, 0.058056593961395, 0.248515770462936, -0.732726368955555, 
1.32496846012407, 1.24871284058077, 0.612857583097987, 1.9221478575368, 
-0.726863511712675, 0.642201814584521, 0.931252534857999, -0.544213651932515, 
3.0831480684447, 0.766833244854918, 2.5221224162215, 0.500432249918304, 
-0.0893146293332899, 0.351655312519306, -0.997727351438475, -0.0239204904656811, 
0.0529566307493978), X2 = c(3.89880957880724, 2.63678460341832, 
1.48622902897136, 2.44360963098142, 2.13462947444717, 2.64346005385486, 
2.0564824125331, 1.79201604756777, 3.25445148916368, 2.55977659379853, 
2.20959677704097, 0.262810959217306, 1.39560723569484, 3.09702664189732, 
1.09211793466148, 2.10405282388629, 1.24279659120209, 1.82455396020477, 
2.85937384213, 2.07193240056545, 3.11765244061852, 4.10041995150375, 
2.00735362012614, 2.86986247550486, 0.204087049149534, 1.54378651950281, 
1.79680102714595, 2.05480385379976, 0.761063476240353, 4.01898306179456, 
1.49351274969605, 2.29969213158512, 0.699842592243215, 0.914998378571453, 
1.88946132528329, 3.05411258869652, 1.84419001276778, 2.49692003619626, 
2.94017158842387, 2.91339295157294, 2.01294262637416, 0.841896524785603, 
2.19195066067289, 0.837050750159594, 1.6658557602221, 1.14362495322369, 
3.10252824007674, 2.42821760431191, 2.37726968118376, 3.55416495105722, 
1.7344360206567, 2.90079757582461, 0.987655933509637, 2.28691346680876, 
2.23048220195746, 0.862016096806735, 2.69617791070132, 1.0931131388779, 
1.19084217288177, 2.39090426905177, 2.16629950239051, 2.9415630350976, 
2.18226228634475, 0.58361085832975, 3.20838708394125, 4.3336243884615, 
0.90975854872451, 1.25207227319875, 1.8989144516098, 2.06359746566491, 
0.813242866256779, 1.49406411176786, 2.18683080777572, 0.546883856255692, 
2.13081708357833, 3.8356273518152, 1.5705122003338, 3.44417698436952, 
2.08531482344961, 3.14136903505538, 1.57951067412276, 2.40202978977955, 
0.50804959180362, 3.01814627618169, 1.21321465430381, 2.55392054098306, 
3.15459441207878, 0.778364607304758, 1.35819787016087, 2.20977434667996, 
1.61066615420701, 4.22661503054889, 2.37248960706837, 3.14113120344989, 
1.67051450213074, -0.0577839398528956, 2.61418922604038, 2.30723198654913, 
1.62157701554235, 1.52287080731531)), class = "data.frame", row.names = c(NA, 
-100L))
test1 <-
list(porazdelitev = c(-0.00925925925925919, 0.0652173913043478, 
0.0418679549114331, -0.0128824476650564, 0.0173107890499196, 
0.0140901771336553, -0.0132850241545895, -0.149355877616747, 
0.177536231884058, -0.125201288244766, 0.10024154589372, -0.0217391304347824, 
-0.0628019323671498, -0.00402576489533008, -0.0938003220611915, 
-0.126811594202899, 0.0958132045088567, -0.0309983896940418, 
0.0841384863123993, 0.120772946859903, 0.0636070853462158, 0.0285829307568438, 
0.0817230273752014, 0.0237520128824477, -0.0128824476650565, 
-0.0338164251207729, 0.10024154589372, 0.00402576489533002, 0.0177133655394526, 
-0.0257648953301127, -0.0169082125603865, 0.0889694041867957, 
-0.0615942028985507, -0.119162640901771, -0.163848631239935, 
-0.115942028985507, -0.0257648953301129, 0.00684380032206139, 
-0.165458937198067, 0.123993558776168, 0.00362318840579723, 0.185185185185185, 
0.0104669887278581, 0.0503220611916265, 0.064814814814815, 0.0265700483091789, 
0.11634460547504, -0.0942028985507247, 0.03341384863124, -0.0309983896940419, 
0.0221417069243157, -0.084138486312399, 0.0370370370370371, -0.0487117552334945, 
-0.0205314009661834, 0.140901771336554, 0.0386473429951694, 0.0124798711755233, 
-0.034219001610306, -0.0809178743961353, 0.0326086956521737, 
0.1243961352657, -0.00201288244766507, 0.0249597423510467, -0.0241545893719806, 
0.0652173913043478, 0.0462962962962965, 0.0813204508856682, 0.0326086956521735, 
-0.039452495974235, 0.136473429951691, 0.0257648953301125, -0.128019323671498, 
0.118357487922705, 0.00442834138486348, 0.138888888888889, -0.151771336553945, 
0.0148953301127213, 0.0390499194847019, -0.0772946859903382, 
0.0221417069243157, -0.189613526570048, -0.00281803542673109, 
-0.068840579710145, -0.0909822866344606, -0.0458937198067635, 
0.00805152979066004, -0.0185185185185185, 0.0277777777777779, 
-0.0776972624798713, -0.0462962962962963, -0.110708534621578, 
-0.0535426731078904, 0.00966183574879231, -0.0752818035426729, 
0.115942028985507, -0.0487117552334942, 0.0096618357487922, 0.146940418679549, 
0.0982286634460546), t = 0.188003220611916, p = 0.01)
