lastnosti1 <-
structure(list(Velikost = c(0.051, 0.006, 0.05, 0.008), Moc = c(0.984, 
0.908, 0.984, 0.904)), class = "data.frame", row.names = c("Test 1", 
"Test 2", "Test 3", "Test 4"))
lastnosti2 <-
structure(list(Velikost = c(0.047, 0.008, 0.049, 0.007), Moc = c(0.986, 
0.91, 0.985, 0.912)), class = "data.frame", row.names = c("Test 1", 
"Test 2", "Test 3", "Test 4"))
lastnosti3 <-
structure(list(Velikost = c(0.048, 0.018, 0.049, 0.019), Moc = c(0.999, 
0.996, 1, 0.997)), class = "data.frame", row.names = c("Test 1", 
"Test 2", "Test 3", "Test 4"))
lastnosti4 <-
structure(list(Velikost = c(0.046, 0, 0.044, 0), Moc = c(0.522, 
0.067, 0.522, 0.071)), class = "data.frame", row.names = c("Test 1", 
"Test 2", "Test 3", "Test 4"))
lastnosti5 <-
structure(list(Velikost = c(0.044, 0.006, 0.047, 0.008), Moc = c(0.114, 
0.026, 0.111, 0.026)), class = "data.frame", row.names = c("Test 1", 
"Test 2", "Test 3", "Test 4"))
lastnosti6 <-
structure(list(Velikost = c(0.047, 0.016, 0.05, 0.02), Moc = c(0.158, 
0.076, 0.154, 0.077)), class = "data.frame", row.names = c("Test 1", 
"Test 2", "Test 3", "Test 4"))
lastnosti7 <-
structure(list(Velikost = c(0.034, 0.007, 0.032, 0.005), Moc = c(0.294, 
0.132, 0.294, 0.134)), class = "data.frame", row.names = c("Test 1", 
"Test 2", "Test 3", "Test 4"))
lastnosti8 <-
structure(list(Velikost = c(0.048, 0.011, 0.046, 0.011), Moc = c(0.926, 
0.785, 0.933, 0.79)), class = "data.frame", row.names = c("Test 1", 
"Test 2", "Test 3", "Test 4"))
lastnosti9 <-
structure(list(Velikost = c(0.04, 0.006, 0.038, 0.006), Moc = c(0.902, 
0.702, 0.902, 0.694)), class = "data.frame", row.names = c("Test 1", 
"Test 2", "Test 3", "Test 4"))
lastnosti10 <-
structure(list(Velikost = c(0.164, 0.101, 0.165, 0.091), Moc = c(1, 
0.999, 1, 0.999)), class = "data.frame", row.names = c("Test 1", 
"Test 2", "Test 3", "Test 4"))
