lastnosti1 <-
structure(list(Velikost = c(0.056, 0.007, 0.048, 0.007), Moc = c(0.98, 
0.912, 0.987, 0.916)), class = "data.frame", row.names = c("Test 1", 
"Test 2", "Test 3", "Test 4"))
lastnosti2 <-
structure(list(Velikost = c(0.04, 0.005, 0.046, 0.006), Moc = c(0.988, 
0.905, 0.986, 0.914)), class = "data.frame", row.names = c("Test 1", 
"Test 2", "Test 3", "Test 4"))
lastnosti3 <-
structure(list(Velikost = c(0.045, 0.016, 0.053, 0.022), Moc = c(1, 
0.995, 1, 0.998)), class = "data.frame", row.names = c("Test 1", 
"Test 2", "Test 3", "Test 4"))
lastnosti4 <-
structure(list(Velikost = c(0.049, 0.001, 0.047, 0), Moc = c(0.536, 
0.071, 0.533, 0.092)), class = "data.frame", row.names = c("Test 1", 
"Test 2", "Test 3", "Test 4"))
lastnosti5 <-
structure(list(Velikost = c(0.039, 0.007, 0.042, 0.007), Moc = c(0.117, 
0.024, 0.127, 0.021)), class = "data.frame", row.names = c("Test 1", 
"Test 2", "Test 3", "Test 4"))
lastnosti6 <-
structure(list(Velikost = c(0.044, 0.017, 0.048, 0.016), Moc = c(0.141, 
0.071, 0.162, 0.061)), class = "data.frame", row.names = c("Test 1", 
"Test 2", "Test 3", "Test 4"))
lastnosti7 <-
structure(list(Velikost = c(0.039, 0.003, 0.035, 0.007), Moc = c(0.3, 
0.112, 0.292, 0.129)), class = "data.frame", row.names = c("Test 1", 
"Test 2", "Test 3", "Test 4"))
lastnosti8 <-
structure(list(Velikost = c(0.044, 0.012, 0.051, 0.012), Moc = c(0.93, 
0.789, 0.917, 0.811)), class = "data.frame", row.names = c("Test 1", 
"Test 2", "Test 3", "Test 4"))
lastnosti9 <-
structure(list(Velikost = c(0.038, 0.002, 0.039, 0.009), Moc = c(0.91, 
0.701, 0.89, 0.7)), class = "data.frame", row.names = c("Test 1", 
"Test 2", "Test 3", "Test 4"))
lastnosti10 <-
structure(list(Velikost = c(0.157, 0.115, 0.155, 0.118), Moc = c(0.999, 
1, 1, 1)), class = "data.frame", row.names = c("Test 1", "Test 2", 
"Test 3", "Test 4"))
