podatki.gamma <-
structure(list(y = c(1, 0, 1, 1, 0, 0, 1, 1, 1, 1, 1, 0, 1, 1, 
0, 0, 1, 0, 1, 0, 1, 0, 1, 0, 1, 1, 1, 0, 1, 1, 1, 1, 1, 1, 1, 
0, 1, 0, 0, 0, 1, 0, 1, 0, 0, 0, 0, 0, 1, 1, 0, 0, 1, 1, 0, 1, 
1, 0, 0, 1, 0, 1, 0, 1, 0, 0, 1, 0, 0, 0, 0, 0, 0, 0, 1, 0, 1, 
0, 0, 1, 0, 1, 0, 1, 1, 1, 1, 0, 0, 0, 1, 1, 0, 0, 0, 1, 1, 0, 
0, 1), X1 = c(0.772264924712453, 0.356089934939519, 0.935745778697934, 
2.43517802274272, 0.732968185400258, 0.43603521069866, 1.2720389072535, 
1.24526974290288, 2.11050567160103, 2.12460054958913, 1.66272442616502, 
0.138415269320831, 1.38448748058914, 1.07116880064797, 0.334079353439093, 
0.438347133575007, 2.73219105531572, 0.757488827994329, 1.05639938340226, 
0.646730681765967, 0.916123676071775, 0.50250751543387, 2.0272632689772, 
0.701623149893662, 1.01185717488488, 1.67157574548366, 2.23674474599513, 
0.331090579740703, 1.47137947609178, 2.20556757635179, 1.30674591702865, 
1.12766649469613, 1.49409998458097, 1.71767568047495, 1.10418482459777, 
0.147169719217345, 1.26780164282056, 0.254435914563228, 0.526540530317865, 
0.649929730670736, 0.562533489894122, 0.725109529427669, 2.18631084904748, 
0.631516430505967, 0.650360573527819, 1.04779839784574, 0.290958709344212, 
0.246218977092709, 1.16596003966766, 1.1217661425446, 0.4438259631861, 
0.461261820920778, 1.02450505453618, 0.588994917671612, 0.438381801592186, 
1.09246777328442, 0.951792244778431, 0.762946553972966, 1.05897349673779, 
2.29993141879501, 0.29946316848509, 0.906072489935043, 0.665833194041625, 
0.962569694924069, 0.863895853727541, 0.663233432432121, 0.8341355882375, 
0.232602142029999, 0.353636757936329, 0.955921312106309, 0.0665341708809137, 
0.257671692849341, 0.527306632178698, 0.231674986891448, 1.05521571656253, 
0.324227507459, 0.989015158895099, 0.797918686389408, 0.920764177550978, 
2.69938706966553, 0.165662958972697, 0.687912828958867, 0.381791302179785, 
0.817059309666461, 1.82326695211574, 3.24414212868509, 1.04771686783516, 
0.870939632391042, 0.433111924329645, 0.890405185944301, 1.14670166502815, 
0.6692508355015, 0.636955953863308, 0.301312452983698, 0.620374774306497, 
1.12116465049286, 0.713750571689984, 0.715264767297182, 0.150301454031585, 
2.31969090315693), X2 = c(1.16167939419184, 0.656273650618458, 
0.898936025516543, 4.11463486551651, 0.578760041713898, 0.790949695108811, 
0.476567345046142, 1.77584276403673, 1.45616193249108, 1.83019307061079, 
1.82769850368008, 0.156923570135625, 1.58537711380394, 1.17723533723455, 
0.595910951774455, 0.237945593458513, 2.15377892860797, 1.58127762400559, 
1.11002328997181, 1.17245033984528, 1.46004614954516, 0.7224746754006, 
0.649518032791093, 0.474011250517747, 1.6423632353316, 0.83507282560852, 
0.185593679030029, 1.53035903878728, 1.92325036545264, 0.810691331259391, 
1.00896628429638, 1.82239285698604, 0.358549611875787, 0.739980759607627, 
1.53726956362467, 0.235395094845444, 0.981536006686375, 1.60480748527126, 
0.344775817100924, 0.601459798140911, 2.46935336363232, 1.38873678905176, 
1.12251713704774, 0.57474321546033, 0.571734266188235, 0.957197439602992, 
0.419485953959463, 1.069516229721, 0.204933237179142, 1.09344715636926, 
0.55778201832436, 0.120753123259383, 0.849459648090315, 1.75470132931116, 
0.435784510103986, 0.868375051345332, 0.474612150574103, 0.678408934713757, 
0.556376255096352, 1.32854998571085, 0.489724982508874, 0.79490876409139, 
0.958571804899207, 0.959801949518633, 0.670664689245381, 0.525991684524342, 
2.45621001374649, 1.47664373222025, 0.419320898411655, 0.419542248254418, 
0.386021553073078, 0.292644251578692, 1.2615440817851, 0.221587295876816, 
0.468978652274633, 0.498810108730054, 3.12577363688943, 0.957661708929129, 
0.317652590107173, 6.02845593321989, 0.576411866787857, 0.920419540905152, 
0.695016950044847, 1.0771981201702, 1.72255068103021, 0.696574027738961, 
0.540656575213602, 0.963249610229296, 0.280001721250281, 0.710543938892622, 
1.60937162404513, 2.34437434688646, 0.888185796772546, 0.0752423917874694, 
0.679106977980068, 0.169400622002081, 2.6870214943418, 0.646743240655038, 
0.374999067421747, 1.9456620222481)), class = "data.frame", row.names = c(NA, 
-100L))
