podatki <-
structure(list(y = c(0, 0, 0, 1, 1, 1, 1, 0, 1, 1, 0, 0, 1, 0, 
1, 0, 1, 1, 0, 0, 1, 0, 0, 0, 0, 0, 1, 1, 0, 0, 0, 1, 1, 0, 1, 
1, 1, 1, 1, 1, 1, 1, 1, 0, 1, 0, 0, 0, 0, 1, 0, 0, 1, 1, 0, 0, 
0, 0, 0, 1, 0, 1, 0, 0, 1, 1, 0, 0, 0, 0, 1, 0, 1, 1, 0, 0, 1, 
1, 0, 1, 1, 0, 0, 1, 1, 1, 1, 0, 1, 0, 1, 1, 0, 0, 0, 0, 0, 1, 
0, 1), X1 = c(-0.934040490994481, -0.764914354533268, -0.224301161597081, 
1.71336345908126, 0.13157861557101, 0.900520256171715, 1.50814383110938, 
-0.243596184463882, 0.0478274852942524, 0.897657544152457, -0.164059641025406, 
-2.37462013081707, 0.54777892404397, -0.414762667159236, 1.43070903780297, 
-1.89181412498094, 0.599329151911719, 0.0890054836088971, -0.227700534236392, 
-0.452600371814171, 2.33376201297852, -0.244971166177308, -1.52522883960559, 
-1.11642823500716, -0.379508685378719, -1.73557082228644, 0.714103986949247, 
1.52159608654576, -0.572928723498388, -0.787725453202368, -0.867198903575258, 
0.429250402689612, 1.33125533500946, -0.611866954426123, 1.22943754629955, 
0.949361353788361, 0.631154753221686, 1.38059135718422, -0.120551954771627, 
0.224231839215717, 2.01445794274294, 0.256642778852712, 1.21058249142242, 
-1.08179632488803, 1.15994468220781, -0.534845180811035, -1.21409951948353, 
-0.206187327083672, -0.0793221260118676, 0.297356763473595, -1.33134582247916, 
-1.12413975962077, 0.236335425534691, 2.15565652667678, -1.12375451576498, 
-1.42511311550693, -0.600293346642525, -0.756117308822949, -1.63919494958591, 
0.252045084221735, -0.101490477703168, 1.34036571305425, 0.41629312820616, 
-1.29060331890787, 0.324276290954807, 0.322973518215478, -0.497838277989648, 
0.0340533041389033, -2.07864607288961, -1.57420344534587, -0.363589784415569, 
-0.0348583818840622, -0.0540987470564488, 1.50339387461048, -1.26322758614012, 
-0.314537153104639, 0.992812927937161, 0.486696228190029, -1.83286847180738, 
1.36981490059734, 0.255984139654714, -1.15659124558728, -0.437051684970474, 
0.769616247355859, 1.77075902750723, 1.36781960403924, 1.19999434946657, 
-0.047193588900353, 1.00782065092784, 0.126870645124164, 0.551165956295925, 
-0.0195368752061027, -1.30438378099115, -0.737528443995708, -0.685633598541616, 
-0.448164317758477, 0.189993053451771, 1.10962546536832, -0.173018581541812, 
2.17743645943653), X2 = c(1.2116274959149, -0.714467319832962, 
2.33362280732512, 2.80815862589605, 3.31859171090217, 1.85775384917005, 
2.16759079355553, 1.75967844160482, 1.41809117819665, 2.05165301793326, 
0.849957545395981, 2.30880824362927, 1.88342410862945, 1.34139040809431, 
2.10582548211645, 1.25066982353287, 2.07876227769757, 2.15974517911034, 
1.53020527154993, 1.61189002393563, 4.54725791279357, 1.4543671911916, 
-0.118257492548023, 1.67004032479597, 2.74226522156984, 1.24303518833053, 
4.96245819587685, 2.08671573537753, 2.71783835593705, 2.96350203269568, 
-0.116428093611992, 2.41663351681635, 2.10571838184607, 2.02595345172767, 
2.87864681023205, 1.81586362856155, 1.90439429833158, 5.73520749604115, 
1.98862452003804, 2.661918942716, 2.79736220973631, 1.99621218421825, 
3.38738582736822, 2.69444414818451, 1.67009040088824, 2.46798826066939, 
0.942013136442854, 2.1292475397743, 1.72219616132279, 1.93928455715198, 
1.85872090251192, 2.7233791685532, 1.42438553610137, 1.97121413622038, 
3.22032880643885, -0.295839401742361, -0.267591039708096, 2.10399143311936, 
3.17797115357627, 2.3911878316602, 2.05719807567095, 2.46538658850152, 
1.17573205525004, -0.378771681885104, 1.61164089482878, 3.11228922738722, 
1.6908440578672, 1.72193964811124, 1.21883020477264, 2.20971739167241, 
3.37671606755558, 1.80908969656902, 2.16621511720633, 1.89686063036222, 
2.98905826262164, 2.5593524825619, 1.76381985836578, 1.83890335115667, 
0.211829292443256, 2.38834141239256, 3.09626034285093, 2.97628518560285, 
1.80242498223021, 2.38975492768292, 3.75761123141502, 3.63924157458792, 
3.37624255335043, 1.71953841111621, 1.94857738822464, 0.528737557198586, 
1.67596085312006, 2.61885556518818, 0.692224252845237, 1.09685501714677, 
1.07385303613832, 2.12624153913576, 1.26995250173114, 1.88484095696662, 
2.20933323931505, 3.43870507048489)), class = "data.frame", row.names = c(NA, 
-100L))
