podatki <-
structure(list(y = c(0, 1, 0, 1, 1, 0, 1, 1, 0, 1, 0, 0, 0, 0, 
0, 0, 1, 1, 1, 1, 1, 1, 1, 0, 1, 1, 0, 1, 1, 0, 1, 0, 0, 0, 1, 
0, 0, 0, 1, 0, 1, 0, 0, 1, 0, 1, 0, 1, 0, 0, 0, 0, 1, 0, 0, 1, 
0, 1, 1, 1, 1, 1, 1, 1, 1, 0, 0, 0, 1, 0, 0, 0, 1, 0, 0, 0, 1, 
0, 1, 0, 1, 0, 0, 0, 1, 0, 1, 1, 1, 0, 0, 0, 1, 1, 0, 1, 1, 1, 
0, 0), X1 = c(0.0458483432582434, 0.106304942960984, -0.209270651306028, 
-0.203754250999777, 1.89506998090175, -1.57877353630593, 0.997891727023323, 
0.0517068793952774, 0.405777010462283, -0.190998048632443, -1.8373439583484, 
-1.27133910156796, -0.838827966440709, -1.37448965921044, -1.13152264758093, 
-1.43543838963901, 1.42927890693233, 0.869215379173329, 0.787669529464616, 
0.371011838048086, -0.0755416986460747, 0.599078012753729, 0.473034525768018, 
-0.93138480382286, 0.946713274327842, 2.76004139877179, -0.775938489911717, 
0.328547528818085, 0.482033224223046, -0.55454005900392, 1.52880852816742, 
-1.36563555075045, -1.39845044289338, -1.1127632782119, 1.46152272545971, 
-0.920287821547693, -1.70295602198029, -0.508954711254379, 1.04437993176678, 
-0.913377599004347, 0.355939935624812, -0.419070927692177, 0.0655717100917363, 
0.0639271791842234, 0.021082123471326, 0.935016405496616, -3.25841085215126, 
0.573100549809296, 0.0399722708051783, -0.827975026890965, -0.753393384602597, 
-3.71731402152601, 0.755163800776827, -0.519633204971887, -0.819042979547613, 
1.16825933208247, -0.400548599159317, 1.15540360318621, 0.488749983954682, 
1.41785643714486, 0.590693869840707, 0.154922298040214, 0.680443007748127, 
1.05112990958947, 1.05812394260901, -0.216509792218079, -0.550330474938348, 
-0.574960553502393, 0.901524576701822, -0.452138206960325, -1.31576821734405, 
-0.947150954539476, 0.41320312070778, -1.10698135932169, -2.06297552875567, 
-0.915746696350698, -0.189821570272914, -1.72092579703763, 1.19118384798819, 
-0.622245994507559, 0.5383947276532, -1.50412124200146, -1.19067647807319, 
-1.12501861174374, 0.177755558973453, -1.59252084258331, 2.16078708174962, 
0.0280116984876657, 0.055844608152383, -2.16185707104635, -0.885975947086971, 
-2.18419447026832, 0.380527348495495, 0.591232304071352, -0.256490868532562, 
0.301122138623887, 0.212226173058123, 0.0652412376550628, -0.870434511380604, 
0.166681936270823), X2 = c(-0.265913236129629, 1.15418355207749, 
-0.970910902669493, 1.87656091553759, 2.40113293831283, 0.399960122483596, 
0.404143873799022, 0.293530117338307, -0.608711680268079, 0.515913979501435, 
-0.616653463696322, -0.895037065139424, -1.15517881219676, -0.639582006362536, 
0.18661837053704, -1.19767939105647, 1.73880721188903, -0.596960451107562, 
1.71477440066257, -0.873048017773706, 0.576950110306311, 1.37604177342459, 
0.158152712369004, 0.753511050057328, 1.63575658487423, 0.50744410515756, 
0.668884793546967, -0.346964054658265, 0.335046890927702, 0.0601536368215371, 
-0.89953541339506, -1.88541258204727, 0.0416003839330797, -1.01374627760051, 
-0.14127891248382, -0.59761756185307, -2.51154570865394, -0.200740690367785, 
0.430765962229604, -1.2603888051963, 1.5114692128857, -0.345086990738535, 
-0.619442317150421, 1.42999536474902, -0.44294358129791, 2.60961885003501, 
-2.84842756397973, -0.0927812763630863, -1.02699358891392, -0.465000124506419, 
-0.827210010315658, -0.743285063805453, -0.382088775716314, 0.338588505180302, 
1.59339025853098, 2.04326343139902, -1.85721001843409, 0.961456562837849, 
0.857950706434021, -1.30406690504766, -1.62145032021138, -0.559028051464552, 
0.324848113462969, -0.108612474594607, 0.0361475488498315, 0.505003654685822, 
0.732410657823169, -0.156869551585101, 1.286998773696, -0.560175263100326, 
0.0280489426047946, -0.798033087400128, 0.744571257517418, -2.00296493326987, 
-0.50718856623718, -0.857694998414177, 1.06487140142621, -1.54210577637919, 
-0.920177159079129, 1.12231264207049, 1.29804818202338, -1.56624513799945, 
-0.600387666285202, 0.213620694727357, -0.950194036182073, -2.31916829996682, 
2.89067916069633, 0.853999864939374, 0.13099624920238, -1.1799596423897, 
0.0307099103565993, -1.16381237245096, -0.27517826641116, 2.11445610908011, 
0.399848326491529, 0.483350962289794, 0.312594850154819, 1.11718048461708, 
-0.23127092146733, -2.28289380120719)), class = "data.frame", row.names = c(NA, 
-100L))
