podatki.gamma <-
structure(list(y = c(0, 0, 0, 1, 0, 1, 1, 0, 1, 1, 0, 1, 0, 0, 
1, 0, 1, 0, 0, 1, 1, 0, 0, 1, 0, 1, 1, 0, 1, 0, 0, 0, 0, 0, 0, 
1, 0, 1, 1, 0, 0, 0, 0, 0, 0, 0, 0, 0, 0, 1, 0, 1, 0, 0, 0, 0, 
0, 0, 1, 1, 1, 1, 0, 1, 0, 1, 0, 1, 1, 1, 0, 0, 0, 0, 0, 1, 0, 
1, 0, 0, 0, 0, 1, 1, 0, 0, 1, 0, 1, 1, 1, 0, 0, 0, 1, 1, 0, 1, 
1, 1), X1 = c(0.59526851445323, 0.386941638824468, 0.629009412955059, 
1.61648400166052, 0.502040342377302, 2.2250155994084, 2.3774549771237, 
0.0391459351012486, 1.48700802990361, 1.49899097587956, 0.524423237114243, 
0.771972849891454, 0.343265197239816, 0.339611443474261, 0.69476872680471, 
1.22484980426253, 1.53890396320241, 0.490859387742067, 0.204433427890763, 
1.65701406370828, 1.43750174081171, 0.788028198950824, 0.826499173375678, 
2.61632478937909, 0.212606730648348, 1.07676090144382, 1.09634480691039, 
1.26589064341734, 0.924213325795618, 0.561130451373124, 0.269137315630641, 
0.753488236967942, 0.456118365749717, 0.836075532461932, 0.817038548136962, 
1.41919572887678, 1.08846296298575, 1.98663991824047, 1.4946498340745, 
0.31286745890975, 0.557536022504792, 0.281434551812708, 0.0377309741805291, 
0.709500671363016, 0.28751334736541, 0.354503874201328, 0.661255955463275, 
0.864491433163007, 0.62432031868957, 1.09105236148917, 0.938880915180215, 
2.39612930493937, 0.453780255280435, 0.0610182531508807, 0.213589216447982, 
0.308248689346049, 0.309511363815874, 0.820119963483828, 2.86466290414531, 
1.37577849788307, 1.41273458016323, 0.922122709455201, 0.682530323488122, 
1.89219940202402, 0.259720056274246, 1.05997976656528, 0.944244263651681, 
2.78326095671534, 1.20928325825827, 1.50602920533376, 0.692897006615481, 
0.371961554279551, 0.21858666268813, 0.743964640635482, 0.65480004460551, 
1.72659596241756, 0.506336878542947, 1.06245131367342, 0.596131177429909, 
0.692511812811857, 0.793849181828263, 0.416698138441375, 0.935937887645672, 
1.75748631885255, 0.814967512597746, 0.28368910215795, 0.98440840479343, 
0.316167524541025, 1.52396951976884, 2.60457212488603, 1.0629516140859, 
0.294875798048452, 0.0772485097404569, 0.766319822611783, 1.33224643062087, 
1.17809663862154, 0.953250424891007, 1.29475475329192, 3.88876249154514, 
2.28792728657339), X2 = c(1.38578870187731, 0.568922702382338, 
0.222915391579352, 1.4154226949274, 0.236926035205635, 2.4420998796026, 
2.34111512695875, 0.257545822765678, 1.89969771570414, 1.1633956363639, 
1.39085292437332, 1.84297363490864, 1.40589269651071, 0.749623485791494, 
1.44988393358173, 0.719573714280597, 1.18040438316049, 0.276531767798588, 
1.85721961631182, 2.32798006468195, 1.81109599481317, 1.12686109981024, 
0.508057017509909, 3.47885578061355, 0.0888766803236166, 0.965875576208246, 
2.10405903291603, 0.398512629792094, 1.15534622169318, 0.61587057398692, 
1.14234003909388, 0.445897664313792, 1.69871375957484, 0.43652303237468, 
0.826298993288552, 1.55089143471079, 0.543873617896172, 0.753563076290112, 
0.748511197955763, 0.143079839646816, 1.06872950310297, 0.874740915817624, 
0.0796128646823561, 0.446224931860343, 0.376273153838218, 0.78850886619412, 
1.02826142681525, 0.696218914608465, 0.45800355464495, 1.53614204696598, 
0.243481128410902, 1.46504993547388, 0.83004388513737, 0.104445555187315, 
0.28723443672061, 0.661111414411521, 1.28700875565462, 0.179654271543244, 
2.64066764744197, 1.1157051599673, 0.628338183255351, 1.16737440129029, 
0.475161255500594, 2.35637168014858, 0.232539464443262, 1.36005426983567, 
0.70200159002789, 4.82189997260399, 0.979153667301771, 0.879679989514357, 
1.01735846696184, 0.301970569882542, 0.422464303206652, 0.891871185719451, 
1.05324851556443, 0.858972821424129, 0.162492358824238, 0.732558556957805, 
1.5806502594238, 1.04339053249694, 0.23821240598213, 0.933736667926324, 
2.03421617069774, 2.28846802084211, 0.750092064475125, 1.06951523032495, 
1.31650804025577, 0.264216755740573, 1.49263849191089, 0.487306864932179, 
2.65005268607487, 0.639766451357024, 0.0712552508339286, 0.166259133835403, 
1.52159581407023, 1.06970107903029, 0.474233176767111, 0.361106417607516, 
3.21869945835282, 1.74121932281161)), class = "data.frame", row.names = c(NA, 
-100L))
