podatki.small <-
structure(list(y = c(1, 1, 1, 0, 0, 1, 1, 0, 1, 1, 0, 0, 1, 0, 
0, 1, 1, 1, 0, 1), X1 = c(0.0129788285646242, 1.12834121248692, 
1.32942166286577, -0.801438963513432, -0.887835839556882, 0.0460334304213785, 
0.442231131236992, 0.12020898938415, 1.18618395951055, 0.30025523662363, 
-1.22549677512381, -1.21348606380857, 0.32894811011854, -0.850823379327908, 
-1.24462245229569, 2.21777638413512, 0.908712906445174, 0.979776543522171, 
-0.984124444529738, 1.39938604026401), X2 = c(0.0546426861621718, 
1.67610341442041, 0.2074591434597, -1.28641171047351, 0.850654687274876, 
-0.713644488977221, 0.943080123101054, -2.32944582837452, -0.224926040999312, 
0.431006144266639, -0.253798013950568, -1.17547586577906, 1.15942281647998, 
-0.0949230544107464, 0.38087954415623, 2.47089682228589, 0.554016801979469, 
-0.608940275525533, -0.882107967252769, 1.02104345046808)), class = "data.frame", row.names = c(NA, 
-20L))
test1.small <-
list(porazdelitev = c(0.0416666666666667, -0.0416666666666666, 
-0.135416666666667, 0.03125, -0.0104166666666666, 0.166666666666667, 
0.0833333333333333, -0.09375, 0.0208333333333334, -0.0416666666666666, 
-0.0937500000000001, -0.03125, -0.145833333333333, 0.104166666666667, 
-0.0625, 0.0520833333333335, -0.125, 0.03125, -0.0833333333333335, 
-0.0520833333333333, 0.0625, -0.09375, -0.0625, -0.03125, 0.0520833333333334, 
0.0937500000000001, 0.114583333333333, -0.09375, -0.114583333333333, 
0.15625, -0.03125, 0.0520833333333335, -0.03125, 0.0416666666666667, 
0.0104166666666665, -0.177083333333333, 0.114583333333333, 0.166666666666667, 
0.0729166666666666, -0.0729166666666667, 0.03125, -0.0729166666666666, 
0.0208333333333334, -0.0104166666666666, -0.0520833333333333, 
0.104166666666667, 0.0104166666666666, -0.114583333333333, 0.135416666666667, 
0.03125, 0.03125, -0.145833333333333, -0.114583333333333, -0.09375, 
0.114583333333333, -0.0416666666666665, -0.0104166666666667, 
0.0312500000000001, 0.03125, 0.03125, 0.0729166666666667, -0.0833333333333333, 
0.0833333333333333, 0.03125, -0.1875, -0.0729166666666666, 0.0520833333333334, 
0.0729166666666667, -0.25, 0.0104166666666667, 0.125, 0.0104166666666666, 
-0.1875, 0.0833333333333334, 0.09375, -0.0729166666666667, 0.0833333333333333, 
0.0312500000000001, 0.0625, 0.0104166666666667, 0.0625000000000001, 
0.0833333333333334, 0.0416666666666667, -0.0833333333333333, 
0.0729166666666665, 0.0416666666666666, 0.0104166666666665, 0.0729166666666667, 
-0.15625, 0.15625, 0.0833333333333333, -0.0416666666666666, -0.114583333333333, 
0.0312499999999999, -0.0520833333333334, 0.114583333333333, 0.208333333333333, 
0.1875, 0.104166666666667, 0, -0.145833333333333, 0, 0.0625, 
-0.114583333333333, -0.145833333333333, -0.0104166666666666, 
-0.21875, 0.104166666666667, 0.0208333333333334, 1.11022302462516e-16, 
-0.0104166666666666, 0, 0.0624999999999999, 0.0833333333333333, 
-0.0520833333333334, 0.0833333333333333, -0.0625, -0.0208333333333333, 
-0.0208333333333333, 0.0104166666666666, -0.15625, 0.0833333333333333, 
-0.177083333333333, -0.0416666666666667, -0.09375, -0.0520833333333333, 
-0.0625, -0.0208333333333333, -0.0520833333333334, 0.0208333333333334, 
0.166666666666667, 0.0104166666666666, -0.0625, 0.03125, 0.0208333333333333, 
0.0104166666666667, 0.0624999999999999, -0.125, 0.177083333333333, 
0.0729166666666667, 0.0416666666666667, 0.0104166666666667, 0, 
0.166666666666667, 0.145833333333333, 0.0729166666666667, -0.0833333333333333, 
0, -0.03125, -0.0520833333333333, -0.0104166666666666, 0.114583333333333, 
0.0208333333333334, -0.03125, 0.197916666666667, 0.0520833333333334, 
-0.0104166666666666, -0.114583333333333, -0.177083333333333, 
0.125, 0.104166666666667, -0.0416666666666667, -0.125, -0.0416666666666667, 
0.104166666666667, -0.208333333333333, -0.21875, 0.0833333333333334, 
0.25, 0.0104166666666666, -0.0104166666666666, 0.0729166666666666, 
-0.0208333333333333, 0, -0.0520833333333335, -0.0833333333333333, 
-0.1875, -0.0416666666666667, -0.166666666666667, 0.03125, -0.0208333333333333, 
-0.09375, 0.104166666666667, -0.135416666666667, -0.0416666666666667, 
0.104166666666667, -0.0729166666666665, 0.09375, -0.1875, 0.0520833333333334, 
-0.0104166666666666, 0.0104166666666666, -0.104166666666667, 
0.0104166666666666, -0.0833333333333333, 0.114583333333333, 0.104166666666667, 
-0.0208333333333334, -0.0416666666666665, 0.15625, -0.125, 0, 
0.0520833333333334, -0.0937500000000001, -0.03125, -0.0625, 0.125, 
-0.0520833333333335, 0.177083333333333, -0.0937500000000001, 
0.0416666666666665, 0.0312500000000001, -0.0729166666666666, 
0.15625, 0.0104166666666667, -0.0833333333333334, -0.125, -0.0729166666666667, 
0.09375, -0.0729166666666667, 0.0104166666666666, -0.0520833333333334, 
-0.114583333333333, 0.0833333333333334, -0.0416666666666666, 
-0.145833333333333, 1.11022302462516e-16, 0.0208333333333333, 
0.104166666666667, -0.0416666666666667, 0.104166666666667, -0.125, 
0.0208333333333333, -0.1875, -0.03125, 0.0729166666666665, -0.125, 
-0.0729166666666667, -0.104166666666667, -0.208333333333333, 
-0.0833333333333333, -0.145833333333333, 0.09375, -0.0416666666666667, 
-0.0729166666666667, -0.0104166666666665, -0.0520833333333334, 
-0.03125, -0.09375, -0.135416666666667, -0.0729166666666666, 
-0.0833333333333333, -0.0624999999999999, -0.1875, -0.0416666666666667, 
-0.0104166666666667, 0.104166666666667, 0.135416666666667, 0.0625000000000001, 
0.0625, -0.114583333333333, 0.0520833333333334, 0.104166666666667, 
-0.03125, -0.0833333333333333, 0.145833333333333, 0.03125, 0.0208333333333334, 
-0.0625, -0.0104166666666667, 0.177083333333333, 0.177083333333333, 
-0.166666666666667, -0.0520833333333334, -0.0833333333333335, 
-0.0625, 0.0208333333333334, -0.0833333333333333, 0.0625, 0.03125, 
-0.09375, 0.145833333333333, -0.0416666666666666, -0.0833333333333333, 
-0.0208333333333333, 0.03125, -0.0312499999999999, 0.21875, -0.0416666666666667, 
0.239583333333333, 0.104166666666667, 0.114583333333333, -0.0208333333333333, 
0.0208333333333333, 0.0520833333333335, 0.114583333333333, 0.0520833333333334, 
0.114583333333333, -0.0416666666666667, -0.0520833333333334, 
0.0520833333333335, 0.0104166666666665, -0.0104166666666666, 
-0.0729166666666667, -0.104166666666667, 0.135416666666667, -0.0416666666666666, 
-0.0833333333333333, -0.0104166666666666, -0.177083333333333, 
0.0104166666666666, 0.0104166666666666, -0.0520833333333334, 
0.03125, 0.0208333333333334, 0.0104166666666667, -0.0520833333333333, 
0.0208333333333333, -0.0208333333333334, 0.0104166666666667, 
-0.0208333333333333, 0.0729166666666667, 0.135416666666667, 0.0520833333333334, 
-0.0833333333333335, 0.0104166666666667, -0.03125, -0.0208333333333333, 
-0.135416666666667, 0.125, 0.104166666666667, 0.03125, 0.0833333333333333, 
0.0833333333333333, -0.0625, -0.104166666666667, 0.114583333333333, 
-0.21875, 0, -0.0729166666666666, 0.03125, 0.0104166666666667, 
-0.03125, 0.177083333333333, -0.1875, -0.0937500000000001, 0.0208333333333334, 
0.0208333333333334, 0.0520833333333335, -0.0416666666666666, 
0.0833333333333334, 0.177083333333333, 0.104166666666667, -0.114583333333333, 
0.03125, -0.135416666666667, -0.0104166666666666, 0.0625, 0.21875, 
0.03125, 0.0625, -0.0729166666666667, -0.09375, 0, 0.104166666666667, 
-0.229166666666667, 0.09375, -0.0520833333333333, -0.0416666666666667, 
-0.135416666666667, 0.125, -0.125, -0.0625, -0.0625, -0.15625, 
0.114583333333333, 0.03125, 0.0208333333333333, 0.0833333333333333, 
-0.03125, -0.15625, -0.166666666666667, 0.03125, 0.0416666666666665, 
-0.104166666666667, -0.0729166666666667, -0.0833333333333333, 
-0.0208333333333333, -0.0416666666666666, 0.0520833333333334, 
0.145833333333333, 0.0937500000000001, -0.0625, 0.03125, 0, 0.1875, 
0.0104166666666667, 0.03125, 0.0208333333333334, 0.0729166666666667, 
0.145833333333333, 0.0208333333333334, -0.114583333333333, 0.0208333333333334, 
-0.0312499999999999, -0.0833333333333333, 0.0208333333333333, 
