podatki <-
structure(list(y = c(0, 0, 0, 0, 0, 0, 1, 0, 0, 1, 0, 0, 1, 0, 
0, 1, 1, 0, 0, 1, 1, 1, 0, 0, 0, 0, 1, 0, 0, 1, 1, 0, 1, 1, 0, 
0, 1, 0, 1, 1, 1, 1, 0, 0, 1, 0, 1, 1, 0, 1, 1, 0, 1, 0, 1, 1, 
0, 0, 1, 1, 0, 1, 0, 0, 1, 0, 0, 0, 1, 0, 1, 0, 0, 1, 1, 1, 1, 
1, 0, 1, 0, 0, 0, 1, 1, 0, 0, 0, 1, 0, 0, 1, 0, 0, 1, 0, 0, 0, 
1, 1), X1 = c(-0.327155146472192, -0.856952762110284, -0.0307517312960317, 
-0.235303804171816, -0.925468607953168, -0.530547126584202, 0.794917990540869, 
-0.0606463153557514, -0.710542301515048, 0.254539333639275, -0.0912901292895676, 
-0.453607922948709, 0.00391941339339072, -2.01449401144618, -0.0298195093979855, 
0.544743990475905, 0.302313024313759, -0.622849927701084, -0.681670358545455, 
0.685530578322631, 0.0670282114814793, 0.628013525845279, -0.365230332229367, 
-0.107762789230692, -0.725665868625175, -1.99294380696326, -0.0224267322061016, 
0.297486985709821, -0.543207170530479, 0.464077813485085, 0.949649278362116, 
0.140799625144956, 1.17958184585675, 0.348048444584746, 0.15371869095828, 
-1.21441512739363, 0.343239633715043, -1.88132396550472, 1.24403711455747, 
0.267671778674624, 1.13975021062782, 0.898754309145228, 0.559121196624554, 
-0.228121573908653, 0.89649625638485, -0.875219773802451, 0.00997315275255675, 
-0.19084563730266, -2.03736865846196, 0.870333119316747, 0.757862856288452, 
-1.65752588442692, 0.282173938298004, -0.0779509790328084, 0.811888606792786, 
0.889664308700136, -1.23361601349388, -0.563548631743196, 0.00726797378513621, 
0.690422752724114, -0.422713135734545, 1.43856002676753, -0.516903971740304, 
-0.996342214223161, 0.407051541179778, -0.802739223831766, -0.259373801519165, 
-0.264398988377169, -0.0646906816843442, -1.5416097835179, 0.721042520268115, 
-0.641332477015081, -0.0350853318319671, 0.407719328498688, 2.59117141380288, 
1.78950040672649, 1.56913979838352, -0.539086784027558, -0.765240773909106, 
0.781086096246094, -0.385098752348705, -0.982529925070945, -1.54545782347449, 
0.245294176374658, 1.01924833470256, -0.94183484395568, -1.0612346291739, 
-0.872638647859557, 0.963310896639694, -0.00968563311623316, 
-0.627171605275558, 2.28601778019751, -2.97352876243069, -2.65730962413655, 
1.65971905509834, -2.23660922509211, 0.686401525243063, -1.53953698640661, 
1.55564803621277, -0.313593523808208), X2 = c(-0.237817132937525, 
-1.24375092508448, -0.397685020884969, -0.603329590759962, -1.04725961602301, 
-1.3586878441744, -0.525460156212907, -0.426872589525758, -1.34944905008572, 
0.854302293713829, -1.4828507650804, 0.157451381394822, 0.979352843869439, 
-0.182140112083759, -0.00907790256404778, -0.868656584091612, 
-0.135085314466999, 0.20891798898833, -0.141613489176866, 0.731673022065654, 
0.934560159255775, 0.0196231211282183, -0.468285535212545, -1.36636830147576, 
0.539967273680302, -1.89669008417336, 1.24813373364889, -0.837592082615812, 
0.374625284904013, -0.626771033884408, 1.61299239515585, -1.0647229675015, 
0.787341277569828, 0.217729014678601, -0.917709295340836, -0.0363327340561548, 
0.401331274795035, -1.15139642601194, -0.0266000800594725, 1.57659052787396, 
-0.642613304298432, -0.536163632673679, -1.75781619907381, -0.155743446753005, 
-0.211583944654339, 0.371670647776638, 0.935502632046607, 0.455989573925751, 
-1.67034070669, -0.421310855324766, 0.235518217280222, -0.410148336388715, 
1.0181370941395, -0.767311496951216, -0.509711541177568, 0.942277738765344, 
-1.16095716293936, -0.888748052968248, 0.150540018020993, -0.260398805089202, 
0.40481260461167, 0.257782536696316, 0.0414336199320934, -1.05246569124677, 
1.418556769089, -0.268789966620809, 0.0810149373284162, -0.318192252846425, 
1.42792309567229, 0.649056881417032, -0.164634408547633, -0.617629221726592, 
-1.4314868670361, 0.846197060263406, 1.13600574544896, 0.651168230672802, 
1.63801877590447, 1.74664175370643, -0.0662971112438523, 2.08482347998534, 
0.133743458625659, 0.156439940777522, -0.900448255350813, 0.516358101581621, 
1.13390209412229, 0.0444402996208644, -0.570799982708424, 0.972443180653407, 
0.00860658263876452, -0.338075901725102, -0.633344296398191, 
-0.289862318786496, -1.29295218483293, -1.78144729137393, -0.772910987055871, 
-1.00643624861956, -0.905219604843635, -1.00835059735676, 0.165479878555103, 
0.935748772255397)), class = "data.frame", row.names = c(NA, 
-100L))
