podatki <-
structure(list(y = c(1, 0, 1, 0, 0, 0, 1, 1, 1, 1, 0, 0, 0, 0, 
1, 0, 0, 1, 0, 0, 0, 0, 1, 1, 0, 0, 0, 1, 1, 1, 1, 1, 1, 0, 0, 
0, 1, 0, 0, 0, 1, 0, 1, 0, 0, 0, 0, 0, 1, 0, 1, 1, 1, 1, 1, 0, 
0, 0, 0, 0, 1, 0, 1, 1, 1, 1, 1, 0, 1, 0, 0, 1, 0, 0, 1, 0, 0, 
0, 1, 1, 1, 0, 1, 0, 1, 1, 0, 0, 0, 1, 1, 1, 0, 1, 0, 0, 0, 1, 
0, 1), X1 = c(0.462431454725085, -0.789593041826978, -0.618371502998724, 
-1.22258075820127, -0.371457763997701, 0.564877716847069, -0.558419935039327, 
1.53790759347548, 0.847246763086439, 1.90230835699441, 0.337434058309635, 
-0.0762509995670453, 0.259755478952663, 0.905793580939367, 0.0939978880244375, 
-0.450090379788739, -1.64715646525735, -0.126868825390822, -0.441155145002495, 
0.587570622097822, -0.409535852204999, 0.607864667144175, 0.293777871475902, 
1.99588086489021, -1.76625532965275, 0.441827765575858, -0.557460323477991, 
0.420380379818284, -0.818548935859411, 2.35612432006939, 1.18418916907535, 
-0.641787985917576, 0.384024413170244, -1.69788707762929, -2.317746174492, 
-0.24806321946607, 0.678407196135825, 0.266752279711695, 0.191838782135004, 
-1.30195206051569, 0.721740053387301, -1.00127261642289, 1.8115001315172, 
-0.894736806989854, 1.07096353281079, -0.795522105116202, -0.162127177903922, 
1.10808921399238, 0.972127208629938, -0.255889997476463, 1.51606486795929, 
0.718003358983215, 1.38777766420133, 0.621148722592221, -0.123121429574253, 
-1.0847090115815, -0.343007108079617, -1.23987290808665, -0.94662456937854, 
-0.143059328424668, -0.237962199061942, 0.370182947351362, 2.04731750032827, 
0.299920439743196, 0.59837488131036, 0.669400459408523, -0.0580443982433231, 
-1.33683554151344, 0.675829963285002, -1.75397963112332, 0.616175801246312, 
0.414833160281527, -1.13055938444281, -0.231027662632814, 0.988135743539429, 
0.181123056104936, -0.679404839227924, -0.473745488090668, 0.691853928236687, 
1.75263402711563, -0.128940010879307, -1.52404267775625, 1.23891185391628, 
-1.2752635992273, 0.56523857990476, 0.35700018648412, -0.0511897694545354, 
-0.860457394464599, 0.157169951233553, -0.168864444070926, 1.25708951470107, 
1.98253919529561, -0.142757565755757, -0.171792302203097, 0.65049109931344, 
-0.419814769461274, -0.115080319769553, 1.80640281573559, -1.04088007885333, 
0.408502696048094), X2 = c(0.0781410957405623, 0.566763302517789, 
2.43440448987729, -0.251015758646743, 0.322524907813153, -1.25421009106589, 
1.45319907849752, -0.650510399229373, -0.383400034369801, 1.63654126369863, 
-0.291276436534285, -0.134646460903391, -0.224346859471784, -0.971134199234159, 
0.0436514083339392, 0.260711963341541, 0.30010311574852, 0.583454339384329, 
-0.597896000422803, -2.44863268822255, 0.279264305670956, -1.58004643171254, 
0.583054991933536, 0.212080357530428, 1.26450514832647, -1.91842426949969, 
0.00124209746501306, 1.08918415248197, 0.947214252598564, -0.164472835616073, 
0.444689484879256, 0.904750600274259, 0.430550176171061, -2.00928348043931, 
0.528330407464948, -1.53190971652511, -0.148389374093892, -0.382502207653523, 
-0.386981028915717, -0.0495900565595323, -0.386551740601586, 
-0.580731655478833, 0.419136820751077, -0.565737106709339, -2.70765985694166, 
-0.703650951167762, -0.916546488561116, -1.35655039339686, 0.362785298134863, 
0.120897022485844, 0.0205556391183092, -0.355575807265461, 1.67635151296257, 
-0.0291231778960794, 0.623079705407097, -2.0782861949528, -2.83838432820463, 
0.264644165827791, -0.271775007341614, -1.92466162701937, -0.0312762076395718, 
-1.19291323041011, 1.69949397103869, -0.158168602241352, 0.0701244813872787, 
0.470904713699798, 0.188645673662252, 1.09655921949526, -0.0341495989608744, 
0.176555406833006, -1.63381179188877, -0.179792344234666, 0.911241146670766, 
-0.449759299776618, 0.202202053435779, -1.97177513274279, -1.2017262456653, 
-2.11660634707124, 0.58655210537923, -0.465455048347705, 0.668971807231902, 
-0.045271279553129, -0.685087029725318, 0.0873619058270056, -0.520211355224652, 
-0.319642684621181, -0.897320487922063, -0.578993393789893, -1.71126705726999, 
1.64473078435968, -0.399520442168364, -0.158601749610784, -0.841040822256234, 
2.16388842901669, -1.69527786606942, -0.4235614653647, -0.299351608329584, 
-0.46004538345784, -0.934811535826449, -0.0816064124493173)), class = "data.frame", row.names = c(NA, 
-100L))
