podatki <-
structure(list(y = c(0, 0, 0, 1, 1, 1, 1, 0, 1, 1, 0, 0, 0, 1, 
0, 1, 1, 0, 0, 0, 0, 0, 0, 0, 1, 0, 1, 1, 1, 1, 1, 1, 1, 1, 1, 
1, 0, 0, 1, 1, 0, 1, 1, 0, 0, 0, 0, 1, 1, 0, 1, 1, 0, 0, 0, 0, 
0, 1, 1, 1, 0, 1, 0, 0, 1, 1, 0, 1, 1, 0, 1, 0, 1, 0, 0, 0, 1, 
1, 0, 0, 0, 0, 1, 1, 0, 1, 0, 1, 1, 0, 1, 1, 1, 1, 1, 1, 0, 1, 
1, 0), X1 = c(2L, 0L, 2L, 4L, 3L, 3L, 3L, 1L, 2L, 3L, 1L, 1L, 
1L, 2L, 1L, 5L, 5L, 1L, 1L, 1L, 0L, 0L, 1L, 1L, 4L, 1L, 5L, 4L, 
3L, 3L, 2L, 2L, 2L, 5L, 3L, 7L, 1L, 1L, 2L, 3L, 0L, 2L, 2L, 0L, 
1L, 0L, 1L, 3L, 4L, 2L, 4L, 7L, 0L, 1L, 1L, 1L, 1L, 2L, 2L, 4L, 
1L, 2L, 2L, 1L, 3L, 4L, 2L, 2L, 2L, 0L, 4L, 1L, 4L, 0L, 0L, 0L, 
4L, 5L, 0L, 0L, 0L, 1L, 3L, 5L, 0L, 5L, 2L, 2L, 2L, 1L, 3L, 1L, 
4L, 3L, 2L, 2L, 1L, 4L, 4L, 2L), X2 = c(1L, 2L, 1L, 5L, 2L, 3L, 
2L, 2L, 4L, 5L, 1L, 2L, 0L, 3L, 3L, 1L, 6L, 1L, 1L, 1L, 2L, 2L, 
1L, 2L, 1L, 0L, 3L, 6L, 2L, 1L, 4L, 3L, 4L, 5L, 3L, 7L, 2L, 2L, 
2L, 2L, 4L, 4L, 2L, 2L, 3L, 1L, 1L, 1L, 1L, 1L, 2L, 5L, 1L, 0L, 
0L, 1L, 4L, 2L, 1L, 2L, 1L, 3L, 1L, 1L, 4L, 3L, 1L, 2L, 4L, 0L, 
5L, 1L, 3L, 1L, 0L, 2L, 3L, 3L, 1L, 1L, 0L, 1L, 2L, 3L, 0L, 2L, 
1L, 2L, 2L, 1L, 2L, 5L, 6L, 2L, 1L, 4L, 0L, 2L, 2L, 1L)), class = "data.frame", row.names = c(NA, 
-100L))
test1 <-
list(porazdelitev = c(-0.0108390204737053, -0.0375351264552388, 
0.0333199518265757, 0.0385387394620633, 0.0622240064231233, 0.00762745885186678, 
-0.0475712565234846, -0.0156563629064631, -0.04656764351666, 
-0.0419510236852669, 0.0291047771979125, -0.00321156162183867, 
-0.0206744279405859, -0.00662384584504228, 0.021276595744681, 
0.0746688077077479, -0.0128462464873544, 0.025491770373344, -0.034524287434765, 
-0.0435568044961863, -0.00120433560818933, -0.0289040545965475, 
0.0331192292252108, 0.0517864311521476, -0.0329185066238459, 
-0.0778803693295865, -0.0160578081091931, 0.055600160578081, 
0.0367322360497792, 0.065034122842232, 0.0158570855078282, 0.0600160578081091, 
-0.0136491368928141, -0.0122440786832598, 0.0475712565234844, 
-0.00541951023685261, 0.0122440786832597, -0.0541951023685265, 
0.067242071457246, -0.0351264552388599, -0.0236852669610598, 
-0.041951023685267, -0.00461661983139294, -0.0772782015254918, 
0.0260939381774389, -0.018466479325572, 0.00361300682456855, 
-0.0389401846647932, 0.0365315134484143, 0.0214773183460458, 
-0.00501806503412294, -0.0186672019269369, 0.0283018867924529, 
-0.0367322360497792, -0.0393416298675231, -0.0710558008831794, 
0.0439582496989162, -0.00441589723002822, -0.0501806503412284, 
0.0206744279405862, 0.0933360096346848, 0.0469690887193898, 0.0794861501405059, 
0.0264953833801685, 0.030108390204737, -0.00742673625050183, 
0.0319148936170214, 0.0578081091930951, -0.0586109995985549, 
-0.0441589723002809, 0.0010036130068245, -0.0234845443596948, 
0.0230830991569649, 0.0132476916900843, -0.0403452428743477, 
-0.000602167804094722, -0.00843034925732633, 0.0889201124046567, 
0.0491770373344038, -0.100762745885187, -0.0126455238859895, 
0.045965475712565, 0.0457647531112003, 0.0574066639903653, 0.0311120032115615, 
-0.00602167804094733, -0.018265756724207, 0.0250903251706142, 
-0.0391409072661584, -0.00622240064231239, -0.0445604175030108, 
0.0212765957446809, 0.0421517462866319, 0.0525893215576074, -0.0204737053392212, 
0.0810919309514251, 0.0453633079084705, 0.0142513046969089, 0.0118426334805298, 
-0.0574066639903653, 0.0266961059815335, -0.00120433560818944, 
-0.0537936571657969, -0.00321156162183867, -0.0138498594941791, 
-0.0154556403050985, -0.036932958651144, -0.0258932155760738, 
-0.0919309514251304, 0.00863107185869127, 0.0355279004415898, 
-0.0365315134484143, -0.00843034925732644, 0.0481734243275793, 
-0.0258932155760737, -0.0363307908470494, -0.0435568044961863, 
0.0220794861501405, 0.0132476916900843, 0.0184664793255721, 0.048775592131674, 
0.00220794861501405, -0.0375351264552388, -0.0224809313528704, 
0.0156563629064633, -0.0461661983139301, 0.006824568446407, 0.0293054997992774, 
-0.0130469690887194, 0.0399437976716179, 0.0140505820955439, 
-0.0847049377759935, -0.0724608590927338, -0.0180650341228423, 
0.00501806503412283, -0.0138498594941791, 0.0287033319951827, 
-0.00281011641910878, -0.048976314733039, 0.0194700923323965, 
0.0319148936170213, 0.00140505820955439, 0.025090325170614, -0.0182657567242073, 
-0.0341228422320353, 0.0162585307105581, -0.0475712565234845, 
0.0264953833801687, 0.00903251706142116, -0.0413488558811722, 
0.0130469690887194, -0.0588117221999197, 0.0461661983139301, 
0.0276997189883581, -0.0106382978723404, 0.0453633079084704, 
-0.0879164993978322, -0.0837013247691689, -0.0307105580088318, 
-0.00983540746688072, -0.0447611401043757, 0.0274989963869932, 
0.02328382175833, 0.0523885989562424, -0.0664391810517865, -0.0210758731433159, 
0.00943396226415094, 0.00441589723002811, -0.0238859895624247, 
-0.0788839823364109, -0.0505820955439582, -0.0576073865917303, 
-0.0132476916900843, -0.00140505820955428, -0.034925732637495, 
-0.0716579686872743, -0.00642312324367722, -0.0523885989562425, 
-0.0549979927739863, 0.0427539140907267, 0.0475712565234846, 
0.0126455238859896, 0.00562023283821755, -0.102569249297471, 
0.0142513046969089, -0.00180650341228428, -0.0905258932155761, 
-0.0198715375351265, 0.0268968285828984, -0.00983540746688072, 
-0.0058209554395825, 0.0154556403050984, -0.00702529104777205, 
0.0740666399036531, -0.0750702529104775, -0.0545965475712565, 
-0.0413488558811723, 0.0355279004415897, -0.0100361300682457, 
-0.0122440786832597, 0.0740666399036531, -0.0515857085507829, 
0.0549979927739862, -0.00481734243275789, -0.0158570855078283, 
-0.0574066639903653, 0.0517864311521476, 0.0493777599357687, 
-0.0357286230429545, -0.0291047771979125, 0.0162585307105581, 
0.0377358490566037, -0.0164592533119229, -0.000602167804094833, 
-0.0246888799678843, 0.0551987153753513, -0.0377358490566037, 
-0.0780810919309515, -0.0547972701726215, 0.0333199518265758, 
0.0150541951023685, -0.0258932155760739, -0.105178643115215, 
0.0620232838217583, 0.00441589723002822, -0.002408671216379, 
0.0118426334805299, -0.0303091128061018, -0.0264953833801685, 
0.074267362505018, -0.0218787635487755, 0.0204737053392212, -0.0170614211160176, 
-0.041951023685267, 0.0718586912886392, 0.0222802087515055, -0.0138498594941791, 
-0.00521878763548778, 0.117623444399839, 0.050782818145323, -0.0331192292252107, 
0.0287033319951827, 0.0254917703733439, -0.0104375752709753, 
-0.00742673625050172, -0.0708550782818145, -0.011641910879165, 
-0.0515857085507827, -0.0291047771979125, -0.00602167804094744, 
0.0513849859494179, -0.00341228422320361, -0.0618225612203934, 
-0.0156563629064631, 0.00240867121637878, -0.0543958249698915, 
-0.014050582095544, -0.0383380168606985, -0.0752709755118427, 
0.018667201926937, 0.0250903251706142, -0.0431553592934564, 0.0248896025692494, 
-0.011641910879165, 0.0289040545965475, 0.0212765957446809, 0.00441589723002811, 
-0.0106382978723404, -0.0620232838217584, -0.00963468486551577, 
-0.0295062224006423, -0.0120433560818948, 0.0295062224006423, 
0.0411481332798073, -0.0471698113207547, -0.0349257326374949, 
0.0449618627057405, -0.0082296266559615, 0.0638297872340425, 
0.00401445202729833, 0.0136491368928141, -0.062826174227218, 
0.0120433560818948, 0.0244881573665194, 0.0150541951023686, 0.0120433560818948, 
0.0495784825371336, -0.0142513046969088, -0.0636290646326776, 
-0.0632276194299477, -0.03472501003613, -0.020473705339221, 0.0242874347651546, 
0.0114411882778001, -0.0136491368928141, -0.0218787635487756, 
0.0082296266559615, 0.032316338819751, -0.0479727017262145, 0.00943396226415083, 
0.00843034925732644, -0.00642312324367733, 0.0202729827378562, 
0.0363307908470493, -0.0784825371336811, -0.0694500200722601, 
0.0790847049377761, 0.0319148936170212, -0.0236852669610599, 
-0.014050582095544, -0.0234845443596949, 0.0543958249698916, 
0.050782818145323, 0.0264953833801685, 0.0148534725010036, 0.0136491368928141, 
0.0276997189883582, 0.00321156162183867, 0.0487755921316739, 
0.0409474106784424, 0.0148534725010037, 0.00180650341228428, 
