podatki <-
structure(list(y = c(0, 0, 1, 0, 0, 0, 1, 1, 1, 1, 1, 1, 0, 0, 
0, 0, 0, 1, 1, 1, 1, 1, 0, 1, 1, 1, 1, 0, 1, 1, 0, 0, 1, 0, 1, 
1, 1, 0, 0, 1, 0, 0, 1, 1, 1, 1, 0, 1, 1, 0, 1, 1, 1, 1, 0, 0, 
1, 1, 0, 0, 0, 0, 1, 0, 1, 1, 1, 0, 1, 0, 1, 1, 1, 0, 1, 0, 1, 
1, 1, 1, 1, 1, 0, 1, 1, 1, 1, 0, 0, 1, 1, 0, 1, 0, 1, 1, 1, 0, 
0, 1), X1 = c(-0.96318902173206, -0.239289115885507, 0.116995103308418, 
0.193000576225065, -1.30509853412114, -2.03473623371302, -0.00963168894121469, 
0.66734285889675, 0.169342023717553, 0.553290479565604, 1.17537361637501, 
0.517308581087445, -0.385448616180177, -0.3979291084381, -0.0587323486675992, 
-0.0491139424415487, -0.638487917281131, 1.00768468982991, 0.612419814275259, 
0.817223106979737, 0.136618666445232, 0.981261842206882, -0.333578745810332, 
0.31137094363183, 0.105928435992635, 0.247643893015755, -0.264983536809649, 
-1.41761275923104, 0.84247167558609, 0.49836730099845, -1.84994149308976, 
-1.55268279257764, 0.803244057629919, -2.04533515672776, 0.712564942339614, 
1.72192600769179, 0.812741790796169, -0.193402588980247, -0.381275441709927, 
-0.0993285796085253, -0.125812121160913, -0.259264411202229, 
0.21358337069524, 0.774708876403013, 0.251457465454212, 0.097220183796637, 
-1.28559441545341, 0.829210687607719, 0.328999616793963, -0.923478358979759, 
0.743023916590024, 1.0464182696489, 0.258743135497884, 0.531073404180084, 
-1.02939035221619, -1.23968024470956, 0.357382805279836, 0.557903998835609, 
-0.115847376717931, -1.48777601318217, -1.15699034323799, -1.13540360692177, 
1.57780302805402, -1.04245692564628, 1.38840586863191, -0.0891997535846918, 
3.28547905845477, -0.474146168128307, 0.663909263214056, 0.0210263243732407, 
3.70547078172058, 2.28116282053208, 1.13121078304534, -0.0723428352917747, 
0.312770429796913, -1.04178753856518, 0.394023963615512, 0.211212824669988, 
0.865373016657522, 0.348764371054764, 0.691367548239752, 1.87138111808761, 
-0.392456928044262, 2.74348395811749, 0.298392395576695, 0.978926670067177, 
0.181972291223107, -0.50669100092473, -0.00403903581261622, 0.105692503979126, 
0.684902771858368, -0.75596629118704, 1.70100207320542, -0.293745596890259, 
1.21268562487622, 0.692594127454394, 0.603944105792341, 0.29340806384855, 
-0.32060702668656, 0.485499788116931), X2 = c(-0.657091109286264, 
-0.260878791234582, 0.830600264544299, -0.603519121797601, -1.27378089925142, 
-1.8148207125525, 0.570113391798071, 1.21710342128164, 0.188786683131222, 
0.965284965336161, 1.8838318104471, 1.2181093819217, -0.0732580713951527, 
-0.499516585437433, -0.577707070458839, -0.473307895502069, -0.68741505316795, 
0.833561822111506, 0.783648935319856, 0.362036035260037, 0.385866408515105, 
2.06354694963451, 0.0402790366340744, -0.0626787426475562, 0.227543156858709, 
-0.231482949054935, 0.015898064079287, -1.44400741204442, 0.896285367678561, 
0.882303046595132, -1.67173750387505, -1.69824979730423, 0.0382888237175025, 
-2.16431449723958, 0.573046254071658, 1.40439945191498, 0.687212583186172, 
-0.0864506591862069, -0.00217124314883776, 0.183323226889789, 
-0.244933520675924, -0.768687657604494, 0.475030703305509, 1.27094350783344, 
0.380718517845372, 0.195619275744838, -1.35418954634398, 0.483389379120173, 
-0.0379186557085198, -0.893387211572405, 0.838627908938373, 0.856028460113612, 
0.21372999010404, -0.7284416565171, -0.194658690613679, -0.850637550136773, 
-0.715184146048739, 0.538764014045383, 0.227843719606653, -1.80588424927881, 
-0.548898670211924, -0.65926048177926, 1.32236720906052, 0.0930026292820456, 
0.386671143213089, 0.176976645629338, 2.63998863898942, -0.302301939867575, 
1.11599532753961, 0.0714063567110471, 3.18982832975579, 2.22328506668268, 
0.312679178611039, -0.11768031637517, 0.448777045670069, -1.28500202702051, 
0.476906355142028, 0.158970948896451, 0.92361803911644, 0.315397786100957, 
0.167348478785671, 1.96100053473677, 0.482442655141686, 2.20132725065235, 
0.0419617288713568, 1.00641054578739, -0.751602134699271, -0.501970754045076, 
-0.421202458527156, 0.0683494848460903, 0.0149307918270025, -1.14141286999053, 
1.51263876165675, -0.0444054124401358, 1.24618615119135, 0.427849918923036, 
0.567871414824868, -0.37036273337533, -0.373648682907511, 0.436831951833578
)), class = "data.frame", row.names = c(NA, -100L))
