podatki <-
structure(list(y = c(1, 0, 0, 0, 1, 1, 1, 0, 1, 0, 0, 1, 0, 0, 
1, 0, 0, 1, 0, 0, 0, 0, 0, 1, 0, 0, 0, 1, 0, 1, 1, 0, 1, 0, 1, 
0, 0, 1, 1, 1, 0, 0, 1, 0, 0, 0, 1, 1, 0, 1, 1, 1, 1, 0, 1, 1, 
0, 0, 1, 1, 0, 1, 1, 0, 1, 1, 0, 0, 1, 1, 1, 0, 1, 1, 0, 0, 0, 
0, 1, 0, 0, 1, 1, 0, 1, 0, 1, 0, 1, 1, 1, 0, 0, 0, 1, 0, 1, 0, 
1, 1), X1 = c(0.704296712844865, -0.123488923617241, -1.04192240743334, 
-0.566902575183776, 1.14794313252173, 1.17497118619183, 0.779469237956491, 
-1.27429605603274, 0.852003227655568, -1.26695288080186, -0.920540416424377, 
0.0169558072249338, -0.817728635994408, -1.52667568004373, 1.10364744012205, 
-0.643654520649293, -2.4429049223925, 0.60419420768719, -0.132939468836774, 
-1.34466110439311, -1.16690626041553, -0.284920188979453, -1.08655618051537, 
0.7701357688791, -0.514629796034087, -0.184838586619855, -0.587079365572393, 
1.36940111581781, -0.0670924216922919, 0.520785176462547, 1.15871590480392, 
-1.44415279770252, 0.225923451177564, -0.323538183483667, 1.59913503346244, 
-0.584923856237546, -0.621594780689978, 0.993322274264041, 1.27221201312399, 
0.0575425962178647, -0.613257908310641, -1.04501639179699, 0.938315308892598, 
-1.28114549568688, 0.788119477320195, -0.631958781300856, 0.164666793477838, 
1.76398035783849, -0.913619798422619, 0.281801092219366, 0.567977272654647, 
0.252819472837875, 0.0681776958923718, 0.0965999077481189, 1.83647057067558, 
0.0170729738672591, -0.555038190559557, 0.0825994546064794, 0.0674209079067084, 
0.895524409876864, -0.571713070267703, 0.482614467234031, 0.602790069301931, 
-1.00809436652658, 1.19163315659486, 0.134113401860357, -1.01532334435864, 
0.15076097844511, 1.12241201052617, 0.508469757721382, 0.405126039874736, 
-0.744771838166874, 3.01623185008293, 0.425518317276738, 0.106205221486452, 
-1.92680599573102, -0.549860949521406, 0.168729425325891, 0.702446154694681, 
-0.48391085388549, -0.39990459992247, 1.78773903569385, 0.652146263249941, 
-0.814066870336794, 0.123194223720319, -1.69041557588098, 0.503481968488219, 
-1.41980173918178, 1.58843996789929, 0.846103956030401, 0.981264924589998, 
-0.690146312544201, -1.23163161912099, -0.651891637860735, 0.848921695404941, 
-0.542669648489537, 0.55616256264964, -1.89414386454837, 0.00825812182700589, 
0.261883324680908), X2 = c(1.17304534618347, 0.469203615978685, 
1.79082378348324, 1.69816674125313, 1.81281020272531, 3.02568440808453, 
2.2756949187848, 0.285146350844071, 3.62572877134391, 1.35794702963431, 
1.91692674817148, 2.91810722972539, 1.87319085240931, 2.95982245377717, 
1.33212884234106, 0.763565181027827, 2.36348565315226, 1.59849399477856, 
2.10176782802928, 1.75421488945928, 1.91213663462261, 2.30252485202234, 
1.89454044204531, 3.20839831119086, 1.62298300975937, 2.21585731827867, 
2.70880045457148, 1.28939748792602, 0.336897602412245, 3.18442372529185, 
3.62060379040513, 1.96523403398033, 1.82864218700675, 1.34289845584918, 
2.82791682480626, 0.956959116296712, -0.0719644024343897, 1.76013394176699, 
2.94255442994021, 1.23912556936174, 1.71736344399187, 3.47235069898592, 
3.54069510491307, 0.388267869990285, 0.163649988653013, 2.9711233418641, 
0.934803922686789, 1.24783346603537, 2.0006714012616, 2.46437996515874, 
2.92626883873575, 4.69128829462564, 3.55836383021427, 1.2032161578876, 
2.38074022176185, 2.28177955398783, 1.1322429067658, 0.911551772025008, 
2.87828173771087, 2.62536006011496, 3.24746362193222, 3.56223167838114, 
3.11638347991541, 3.94494530413836, 3.10337393956331, 1.64654855827906, 
2.52615773990617, 1.70138656069662, 1.42158466295972, 3.23350225490303, 
3.76029887710209, 1.50662908810417, 3.8214849534148, 2.46187217080978, 
0.688924807681415, 1.07570766564745, 2.99414080347863, 0.0393880483103282, 
3.03806765976682, 1.46705203693327, 1.41982877777048, 4.13690023774781, 
2.24354864382628, 0.173648036080813, 2.41595814025739, 0.400054798627061, 
3.11781300300912, 2.06304943331072, 2.42019064461542, 1.8451749197741, 
2.29683166293154, 0.625759606797984, 2.16402670686657, 1.97955092496031, 
1.48328054514554, 0.712542441028082, 3.12497632075557, 1.10754421566625, 
2.68657814017764, 2.6009149441057)), class = "data.frame", row.names = c(NA, 
-100L))
