podatki <-
structure(list(y = c(1, 0, 1, 0, 1, 0, 1, 1, 1, 0, 0, 1, 1, 1, 
0, 0, 1, 0, 1, 0, 1, 0, 0, 0, 0, 0, 0, 0, 0, 0, 1, 0, 0, 1, 1, 
1, 1, 1, 1, 0, 0, 0, 0, 1, 1, 0, 0, 0, 1, 1, 0, 1, 1, 1, 0, 0, 
1, 1, 0, 1, 1, 1, 1, 1, 0, 1, 1, 0, 1, 1, 0, 1, 1, 0, 0, 1, 1, 
0, 1, 0, 0, 0, 0, 1, 0, 0, 1, 0, 1, 0, 1, 1, 1, 1, 1, 0, 0, 0, 
0, 0), X1 = c(-0.00141629140078492, -0.556806803727886, 2.50713551938087, 
-0.597306557664143, 0.652191414441661, -0.234755680608541, -0.331237140498986, 
0.834356057192443, 1.05324911878048, -0.749811417725374, -2.91276693866216, 
0.535674281242324, 0.380332938001519, 1.40914812063373, -0.621567493769187, 
-1.883947773432, 1.2543452529094, -0.54932111222572, 1.91993641092154, 
-0.471229385529296, 0.186755406247527, -0.675693789746446, -0.356419481661219, 
-1.30066728689551, -0.231018632028245, -0.616341087655516, -1.49172333731964, 
-0.7396973335392, -0.55404825557315, -0.487838155251352, 0.522007901343223, 
-0.12891402439141, -1.28403123615203, 0.918138118197108, 0.649724453532153, 
2.61946799957479, -0.172902527921939, 1.66220269434641, 0.187862646448671, 
-0.560541394966553, -0.701504141924134, -1.78503875233583, -0.762767166211236, 
-0.194865759953961, 2.14270178552118, -0.872966587788985, -1.10307554868042, 
-1.69100209047018, 1.7314580069222, 0.658166340648987, -0.0131020236470979, 
0.451432402603585, -0.0423296639535866, 0.894738422550776, -0.887677487098746, 
-0.83900495221584, 0.574737453088681, 1.82689857895287, -1.49884094948024, 
0.220774546631504, 1.1604360541562, 1.33160932881083, 1.3168010622389, 
1.1400827300146, 0.370709711406442, 0.344445787865979, 1.13475724658719, 
-0.261019801748463, 1.97928095221748, 0.405370748464583, -0.671738672853287, 
1.1206172531976, 1.00091817593961, -0.491462133578315, -0.0222424568122018, 
0.0719116883661401, 0.0978158641458071, -0.454597485078414, 0.835117923409943, 
-1.32865558593467, 0.0252531701277943, -1.95239985534521, -1.65784324384543, 
0.942398108019014, -0.361511848760499, -2.0401766111312, 0.918458482411815, 
-0.412238956017239, -0.0176051276254691, -0.954346579678691, 
0.218517512018056, 0.837795912614903, 0.998359061217144, 0.169785935927805, 
1.36823181988027, -0.827988772838337, 0.0445793089593672, -0.759593775385678, 
-0.0745476033479694, -1.59683702989063), X2 = c(3.13362199814867, 
0.336034411223885, 0.365671555776534, -0.625343018488212, 0.243529895431852, 
-0.0321839648877448, 1.14900440539584, -0.733118208519567, 2.4490796063161, 
-1.13507050118682, -1.12869567171822, 0.01503242683963, 0.820707511527939, 
0.53077061397585, 1.22508260473664, -0.0109879271207823, 0.654879916477048, 
-0.692324615523839, 2.36968275200786, 0.277563550520087, 1.43482747250933, 
-1.97540905855378, 0.148945866743117, -0.590568590828709, -1.01988000080128, 
0.520122733193236, -0.0386498262209851, -0.880263789524392, -1.08453591229146, 
0.0531355987272372, 1.13416617461355, 0.0786607550119841, -0.473297148849703, 
0.936914333347632, -0.436151014511081, 1.07926047040004, 1.53919580142108, 
2.99016267277161, 1.22955283217176, -0.610720541402586, 0.377954252568843, 
1.47745168632003, 0.438104628179594, 1.24791815517323, 0.591070674038055, 
0.754614311050619, 1.30432964337729, -1.41707745454955, 0.740491399644908, 
-0.870624328402483, -0.344785824717986, 1.53573388092506, 0.413792614264356, 
0.250943941249951, 2.40850508971771, -0.35281912167121, 1.03953756918992, 
1.70600694455609, -2.0543678860858, 0.983163576241031, 0.0667012120765568, 
0.577475646357583, 1.52258549933891, 0.0124490994984539, -0.762982633604981, 
1.40789306898881, 1.86262761837401, -0.835716314973006, 1.48520008093531, 
0.693733620018576, 0.854127424078834, 0.393915835902779, 0.789080603478046, 
1.29352405902794, -2.25128178846933, 1.74983076664839, 0.763511289967933, 
0.323249548372572, 0.729108364499997, -0.100430583284664, 0.165650400988869, 
1.54550513437137, 0.3824759162857, 0.86834347833737, 0.116916293610779, 
-1.47219755224908, 0.679167784594957, 1.39848586375825, 1.7276645046183, 
-0.882150093464009, 1.23684287334578, 1.59951800042306, 1.82881610786493, 
0.963957391209823, 0.777758006661455, -0.373214873668164, -0.662879167653559, 
0.147807655209007, -0.692912528963303, -0.267860612803398)), class = "data.frame", row.names = c(NA, 
-100L))
