podatki <-
structure(list(y = c(0, 0, 1, 1, 1, 0, 0, 0, 1, 0, 1, 0, 1, 1, 
0, 1, 0, 0, 0, 1, 0, 1, 1, 0, 1, 1, 0, 0, 1, 0, 0, 1, 0, 0, 0, 
1, 1, 0, 1, 0, 0, 1, 1, 0, 1, 0, 1, 0, 0, 1, 0, 1, 1, 1, 1, 0, 
1, 1, 1, 1, 1, 1, 1, 0, 1, 0, 0, 1, 0, 0, 1, 0, 1, 1, 1, 1, 1, 
1, 0, 1, 1, 0, 1, 0, 1, 1, 0, 1, 1, 0, 1, 0, 1, 1, 1, 0, 0, 0, 
0, 1), X1 = c(-0.345651613834968, -0.979636337821761, -0.00483098045279994, 
1.09982405378978, 0.278472111116855, -1.83338368047354, 0.0967348091989454, 
-1.50117612502861, 0.533381843328847, -1.3962839961901, 0.484827660626195, 
-1.66760589096346, 0.809901681747592, 0.635851427793292, -2.58997872605444, 
1.08446594448102, -0.458223902658195, 0.514422533471771, -0.923427234005144, 
-0.14569901469848, -0.893683541917333, 1.19434410327105, 0.204485229482715, 
0.411909434136898, -0.484416711515186, 0.705066166244699, -1.69114612973861, 
-0.688593475435076, 0.930080567146123, -0.893558523854536, 0.195963571459764, 
1.64253844705419, -0.179612491713176, -0.465784272902022, -1.86441290636555, 
1.23924619698742, -0.277294250597625, -1.98120904291181, 0.385958599168076, 
-1.57847441315981, -0.501884878695621, 0.828461236857213, -0.30549880326775, 
0.221026697715078, 0.750074428696656, -1.36658992310177, 0.163445985651276, 
0.147401516901364, 0.0942921337111348, 1.5933277619147, -0.645598927381568, 
1.50450705503771, 0.920750244743438, 0.26642125046483, 0.973609461515778, 
-0.813211303261975, 0.740570707507562, 0.639110015367437, 0.293126032945755, 
0.924073279663946, 0.360169471598335, 0.344864947191608, 0.604768389250588, 
0.270865885139551, 0.00126882991264768, -0.828676415690976, -0.302785375154936, 
0.44320206153489, -0.617870620872204, -0.322492125260006, 2.07326789086667, 
-1.1348757290257, -0.337688270980943, 1.26007391864445, 0.610564844295051, 
0.505891476932263, -0.0753057881873197, -0.923993258467289, -0.33499234068478, 
-0.346696515586953, 0.507062360964934, -0.345819993936133, 1.35221023159439, 
0.475093806330723, 0.953999673890498, 0.228462392453939, 0.134240564956741, 
-0.307058462187474, 1.28991885881529, -0.571730912326783, 0.915325608918404, 
-0.882641073588245, 1.01956894786201, 1.67366954034393, -0.253501957618419, 
-0.0327592808912553, -1.46585282479971, 0.2705578872282, 0.189540443734338, 
1.60629749964028), X2 = c(0.440660348721938, 0.70420019506971, 
2.39314210251033, 0.722927640506303, 3.50369300836135, 3.15557154639414, 
1.01653725435908, -0.926285535239668, 1.92156312275329, 0.0133329824934805, 
2.62541498566163, 0.708216380064491, 2.41486553084254, 2.3408042828564, 
-0.442210698940959, 0.738750488886999, 1.71588921694335, 0.67152821392703, 
1.20791556632433, 2.39638761167562, 2.06263501837077, 1.92760386333925, 
3.36779936534465, 1.19362479703753, 4.38610346409776, 1.59993097827079, 
0.727260909037037, 1.48238961925247, 2.6181460243308, -0.116719825835917, 
1.08570015658707, 4.0796083743766, 1.99871578770253, 1.19880070034645, 
1.46021035741058, 3.75101840200576, 2.0317775638093, 2.37408801630869, 
1.82912156634025, 0.908694570969559, 1.52333870465414, 1.71730312543667, 
2.26244272781302, 0.784690525701675, 3.42641711397845, 2.25600896890628, 
1.87998522107276, 1.40775304298587, 1.08246480426083, 1.03515187348569, 
1.84929015532222, 2.54641673337172, 3.33064128835547, 3.2001589701361, 
1.68448046404712, 1.56206865921976, 2.31632670989852, 3.26613223856083, 
4.73672540726611, 1.8889753597656, 3.73856336539269, 1.73245533872631, 
4.61980006400235, 1.47013914487032, 2.52914347837076, 1.33543240838692, 
1.786059118477, 3.16304680739503, -0.359977835918977, 1.20308415461219, 
2.48405088818893, 0.256170242677839, 2.78465560414418, 2.31042162418579, 
2.24727492753769, 2.19704358502066, 2.79166352116058, 3.17682352802836, 
2.04257933808977, 2.39318384159054, 3.99810679135908, 0.713020683094925, 
3.94001674103667, -0.0535014282949375, 3.69468921180018, 2.02358825800608, 
0.553227301144631, 3.1081476088443, 2.67242777028697, 1.15020997420306, 
2.70135331718504, 1.89973080652059, 1.93868893149282, 3.78381194538574, 
2.87060604434397, 0.967632895806134, 1.98773986318566, 1.42202203506333, 
0.460427200186475, 2.52297083461882)), class = "data.frame", row.names = c(NA, 
-100L))
