podatki <-
structure(list(y = c(0, 0, 0, 1, 1, 1, 1, 0, 1, 0, 0, 0, 0, 1, 
1, 0, 1, 1, 0, 1, 1, 0, 0, 0, 1, 0, 0, 0, 0, 0, 1, 1, 1, 0, 1, 
0, 0, 0, 0, 0, 1, 0, 1, 1, 0, 0, 1, 1, 1, 0, 1, 1, 1, 0, 0, 0, 
1, 0, 0, 0, 1, 1, 1, 1, 1, 0, 1, 0, 0, 1, 0, 1, 1, 1, 1, 0, 1, 
1, 0, 0, 0, 0, 0, 0, 0, 1, 1, 1, 1, 0, 1, 1, 1, 1, 1, 1, 0, 0, 
0, 0), X1 = c(-0.72916761061854, -1.02008309701205, -0.256283436195335, 
0.56622403843118, 1.22072746682424, 0.455722685839675, 0.637055787352811, 
-0.672798632394618, 2.18223951880905, -0.178511211540533, 0.294462439842692, 
-0.274339707177869, -0.178600377503271, 0.700614873552112, 1.13464890058644, 
-1.22977321100739, 0.451809707796177, 0.107658339168342, -1.36164195447026, 
0.662869755907649, 0.504359713265435, -0.117636284178395, -0.022659629457511, 
-0.1682898687565, 0.0792943771084814, -0.783961866405006, -0.901943829455322, 
-0.740218902072432, -0.62815686320169, 0.202040606639345, 0.501154067195707, 
-0.782077339141415, 0.953768140386856, -0.424465702804397, -0.0285452771486126, 
-0.330759594871626, -1.51153574426326, -1.609049819821, -1.97305489532105, 
-1.21336122648372, 0.659322980395651, -1.28222443472765, 1.68528639266614, 
0.126377106237123, -0.000261669685776189, -1.03547406667709, 
2.39101324438631, 1.06031423103205, 0.356712307389333, -1.80864261342402, 
0.466473348212135, -0.0966968258216233, 0.382366210105569, -1.01491434178036, 
-0.00463860903641677, -0.392120377624638, 0.797401590633454, 
-0.661468602378382, -1.10199138132487, -1.52927043709278, 0.46339978590533, 
0.684959425789294, 2.75691727303338, 1.12049796706571, 0.53290690553734, 
-0.894698273702528, -0.103273605037423, -0.209265914047169, -1.41101632181316, 
1.15281093149282, -0.25412592114257, 0.714815318140253, 0.493293761066785, 
0.0984667981999053, 0.309860316231759, 0.0142889914795187, 0.565617275704708, 
0.367366992436666, -2.13425127636827, 0.0296680421931148, -1.35167107831717, 
-0.672023919166828, -1.54654533464968, -0.169868518922138, -0.273044848981073, 
0.840945027577649, -0.407274555012919, 1.55653856447911, -0.356586879189082, 
-0.273487057188107, 0.917833393715928, 1.92813097072124, 0.652763500707557, 
2.16620663193126, -0.363087669940288, 0.563267588121679, -0.775593850067349, 
-0.652842701596316, -1.51569586823447, -1.10344643761207), X2 = c(1.48278649950322, 
-0.523440581703832, -0.205963091990158, -0.281935982751153, -1.43852999584364, 
1.01867650429635, 1.77540653637241, 1.80215307366059, 0.0521377991210492, 
-1.43362380097775, -0.984006994705376, -0.0946552875116329, 0.506679282107473, 
-1.76105284997206, -1.74070536842109, -0.276490204986613, -0.624986907887468, 
-0.130980961486503, 1.25340605623935, -0.432873017693256, 0.589767105043854, 
-1.10653682966626, 0.0749883796652145, -0.247916137855016, 0.0311142110204644, 
-1.27503128821754, -0.852402037195271, -1.3951458804284, -1.41972459597673, 
-1.33334339261469, 0.0724568951212555, 1.59328165453786, -0.0883056233263559, 
0.713996644266297, 1.51878341128123, 0.0349253796250844, -1.25778800230653, 
-0.846175465348345, -0.105406154241973, -1.62127911477737, -0.00833275221004271, 
-0.822700153065319, -1.56048977250199, 1.13118112887894, -0.0388585916378199, 
-0.0636582638807153, 0.50183052020648, -2.74487942351053, -0.299429696460746, 
0.927823632562344, -0.73074518649735, 0.0177951979661742, 0.264576931634783, 
-0.384603751664754, -0.249199883956553, 0.0567366857647493, 0.177298278988627, 
1.0725468677444, -2.40633401027181, 0.105197924236484, -0.214622142747237, 
0.843120207936439, -1.12426438685316, 0.736844424925581, -0.243762878006309, 
1.60219884899967, 0.448741823175461, -0.855477929002132, 1.36578137881234, 
1.16293919915396, 0.0280701591555531, 0.11333675837432, 0.545099379022963, 
0.066819216241651, -0.270123291674247, -0.792482368498233, 0.557315677270739, 
1.1336998025526, -0.335015448516631, -1.11796334913109, -0.789598954782389, 
0.403061499707821, -0.309838996764389, -1.13674724108302, -1.6096315939294, 
-0.965722203515109, 1.31737560688045, 0.724855830750899, 0.893407232801709, 
-0.125904594347294, 0.568989940730029, 0.220136135370936, -1.84750475968287, 
-0.920482221195769, 1.14008995836883, -0.0927006553508544, -0.712969298991315, 
1.29216631309217, -0.550978428026771, 1.39456428212412)), class = "data.frame", row.names = c(NA, 
-100L))
